vehID Standort Dep/Arr Uhrzeit(Ist) Status(Depot/Umlauf)
1 167 0 251 1
2 162 0 256 1
1 114 1 265 1
1 114 0 265 1
3 168 0 270 1
4 161 0 273 1
5 163 0 274 1
6 160 0 276 1
7 164 0 278 1
6 22 1 280 1
6 22 0 280 1
8 166 0 281 1
7 60 1 283 1
7 60 0 283 1
2 23 1 285 1
2 23 0 285 1
4 18 1 288 1
4 18 0 288 1
10 160 0 289 1
11 165 0 290 1
12 168 0 290 1
11 20 1 290 1
11 20 0 290 1
13 166 0 291 1
14 163 0 291 1
6 0 1 292 1
6 0 0 292 1
15 168 0 295 1
16 163 0 295 1
3 5 1 295 1
3 5 0 295 1
12 135 1 295 1
12 135 0 295 1
17 165 0 296 1
18 168 0 298 1
19 162 0 300 1
10 143 1 300 1
10 143 0 300 1
13 23 1 300 1
13 23 0 300 1
14 9 1 303 1
14 9 0 303 1
20 162 0 304 1
15 136 1 305 1
15 136 0 305 1
11 21 1 307 1
11 21 0 307 1
16 1 1 307 1
16 1 0 307 1
15 137 1 307 1
15 137 0 307 1
11 111 1 307 1
11 111 0 307 1
21 162 0 308 1
19 71 1 308 1
19 71 0 308 1
15 112 1 308 1
15 112 0 308 1
11 111 1 308 1
11 111 0 308 1
15 112 1 309 1
15 112 0 309 1
1 29 1 310 1
1 29 0 310 1
22 168 0 313 1
23 160 0 313 1
5 131 1 313 1
5 131 0 313 1
24 160 0 315 1
18 80 1 315 1
18 80 0 315 1
25 162 0 316 1
8 101 1 317 1
8 101 0 317 1
26 163 0 318 1
27 168 0 318 1
13 7 1 319 1
13 7 0 319 1
15 6 1 320 1
15 6 0 320 1
1 97 1 321 1
1 97 0 321 1
1 97 1 322 1
1 97 0 322 1
28 168 0 323 1
12 4 1 323 1
12 4 0 323 1
29 162 0 324 1
17 27 1 324 1
17 27 0 324 1
21 53 1 325 1
21 53 0 325 1
11 20 1 325 1
11 20 0 325 1
22 33 1 325 1
22 33 0 325 1
18 29 1 325 1
18 29 0 325 1
30 163 0 326 1
6 1 1 326 1
6 1 0 326 1
23 114 1 326 1
23 114 0 326 1
31 165 0 327 1
25 104 1 327 1
25 104 0 327 1
6 9 1 327 1
6 9 0 327 1
31 20 1 327 1
31 20 0 327 1
4 16 1 328 1
4 16 0 328 1
20 32 1 328 1
20 32 0 328 1
3 16 1 329 1
3 16 0 329 1
32 166 0 330 1
33 162 0 330 1
2 9 1 330 1
2 9 0 330 1
24 0 1 330 1
24 0 0 330 1
26 29 1 330 1
26 29 0 330 1
27 4 1 330 1
27 4 0 330 1
15 6 1 330 1
15 6 0 330 1
12 4 1 330 1
12 4 0 330 1
29 66 1 330 1
29 66 0 330 1
18 29 1 330 1
18 29 0 330 1
2 1 1 331 1
2 1 0 331 1
34 169 0 332 1
35 161 0 333 1
36 168 0 333 1
37 161 0 333 1
6 9 1 333 1
6 9 0 333 1
4 120 1 333 1
4 120 0 333 1
38 168 0 334 1
39 162 0 334 1
3 3 1 335 1
3 3 0 335 1
35 74 1 335 1
35 74 0 335 1
40 160 0 336 1
41 166 0 336 1
42 167 0 337 1
43 160 0 337 1
4 120 1 337 1
4 120 0 337 1
7 71 1 338 1
7 71 0 338 1
13 4 1 338 1
13 4 0 338 1
44 162 0 339 1
31 21 1 339 1
31 21 0 339 1
31 111 1 339 1
31 111 0 339 1
16 31 1 340 1
16 31 0 340 1
1 39 1 340 1
1 39 0 340 1
27 12 1 340 1
27 12 0 340 1
40 22 1 340 1
40 22 0 340 1
7 71 1 340 1
7 71 0 340 1
27 67 1 340 1
27 67 0 340 1
45 25 0 341 1
46 167 0 342 1
47 160 0 343 1
48 168 0 343 1
49 165 0 343 1
50 163 0 343 1
32 134 1 343 1
32 134 0 343 1
13 1 1 343 1
13 1 0 343 1
2 1 1 344 1
2 1 0 344 1
3 3 1 344 1
3 3 0 344 1
51 163 0 345 1
10 10 1 345 1
10 10 0 345 1
34 126 1 345 1
34 126 0 345 1
36 6 1 345 1
36 6 0 345 1
41 23 1 345 1
41 23 0 345 1
45 4 1 345 1
45 4 0 345 1
13 1 1 345 1
13 1 0 345 1
45 6 1 345 1
45 6 0 345 1
19 72 1 347 1
19 72 0 347 1
38 145 1 347 1
38 145 0 347 1
42 116 1 347 1
42 116 0 347 1
44 28 1 347 1
44 28 0 347 1
47 46 1 347 1
47 46 0 347 1
19 85 1 347 1
19 85 0 347 1
52 163 0 348 1
53 163 0 348 1
54 163 0 348 1
55 165 0 348 1
14 19 1 348 1
14 19 0 348 1
28 107 1 348 1
28 107 0 348 1
37 18 1 348 1
37 18 0 348 1
56 168 0 349 1
4 6 1 350 1
4 6 0 350 1
45 6 1 350 1
45 6 0 350 1
57 163 0 352 1
58 166 0 352 1
15 24 1 352 1
15 24 0 352 1
40 0 1 352 1
40 0 0 352 1
11 27 1 353 1
11 27 0 353 1
18 4 1 353 1
18 4 0 353 1
31 111 1 353 1
31 111 0 353 1
48 147 1 353 1
48 147 0 353 1
33 32 1 354 1
33 32 0 354 1
11 27 1 354 1
11 27 0 354 1
59 160 0 355 1
21 4 1 355 1
21 4 0 355 1
1 39 1 355 1
1 39 0 355 1
27 6 1 355 1
27 6 0 355 1
49 51 1 355 1
49 51 0 355 1
50 33 1 355 1
50 33 0 355 1
36 80 1 355 1
36 80 0 355 1
21 6 1 355 1
21 6 0 355 1
27 29 1 355 1
27 29 0 355 1
5 9 1 356 1
5 9 0 356 1
28 61 1 356 1
28 61 0 356 1
8 16 1 357 1
8 16 0 357 1
3 4 1 357 1
3 4 0 357 1
15 24 1 357 1
15 24 0 357 1
36 80 1 357 1
36 80 0 357 1
28 78 1 357 1
28 78 0 357 1
39 32 1 358 1
39 32 0 358 1
19 85 1 358 1
19 85 0 358 1
8 9 1 358 1
8 9 0 358 1
30 8 1 359 1
30 8 0 359 1
12 15 1 359 1
12 15 0 359 1
34 8 1 359 1
34 8 0 359 1
60 168 0 360 1
43 96 1 360 1
43 96 0 360 1
52 6 1 360 1
52 6 0 360 1
53 29 1 360 1
53 29 0 360 1
54 4 1 360 1
54 4 0 360 1
18 4 1 360 1
18 4 0 360 1
27 29 1 360 1
27 29 0 360 1
5 4 1 360 1
5 4 0 360 1
3 4 1 360 1
3 4 0 360 1
12 15 1 360 1
12 15 0 360 1
34 8 1 360 1
34 8 0 360 1
46 41 1 361 1
46 41 0 361 1
10 10 1 361 1
10 10 0 361 1
56 1 1 361 1
56 1 0 361 1
61 162 0 362 1
62 168 0 362 1
63 168 0 363 1
32 47 1 363 1
32 47 0 363 1
8 9 1 363 1
8 9 0 363 1
64 168 0 364 1
25 69 1 365 1
25 69 0 365 1
32 47 1 365 1
32 47 0 365 1
28 78 1 366 1
28 78 0 366 1
14 134 1 367 1
14 134 0 367 1
60 120 1 367 1
60 120 0 367 1
17 28 1 368 1
17 28 0 368 1
24 109 1 368 1
24 109 0 368 1
20 82 1 369 1
20 82 0 369 1
55 56 1 369 1
55 56 0 369 1
14 134 1 369 1
14 134 0 369 1
65 168 0 370 1
66 168 0 370 1
67 161 0 370 1
23 29 1 370 1
23 29 0 370 1
38 4 1 370 1
38 4 0 370 1
31 20 1 370 1
31 20 0 370 1
48 30 1 370 1
48 30 0 370 1
36 29 1 370 1
36 29 0 370 1
18 12 1 370 1
18 12 0 370 1
61 71 1 370 1
61 71 0 370 1
38 6 1 370 1
38 6 0 370 1
18 67 1 370 1
18 67 0 370 1
68 168 0 371 1
20 49 1 371 1
20 49 0 371 1
69 164 0 372 1
20 49 1 372 1
20 49 0 372 1
70 168 0 373 1
4 5 1 373 1
4 5 0 373 1
5 77 1 373 1
5 77 0 373 1
23 33 1 374 1
23 33 0 374 1
35 2 1 375 1
35 2 0 375 1
51 143 1 375 1
51 143 0 375 1
13 47 1 375 1
13 47 0 375 1
63 4 1 375 1
63 4 0 375 1
36 29 1 375 1
36 29 0 375 1
38 6 1 375 1
38 6 0 375 1
4 5 1 375 1
4 5 0 375 1
71 160 0 376 1
45 75 1 376 1
45 75 0 376 1
59 139 1 376 1
59 139 0 376 1
57 0 1 377 1
57 0 0 377 1
64 145 1 377 1
64 145 0 377 1
25 69 1 377 1
25 69 0 377 1
17 28 1 377 1
17 28 0 377 1
69 60 1 377 1
69 60 0 377 1
72 168 0 378 1
73 163 0 378 1
6 19 1 378 1
6 19 0 378 1
1 40 1 378 1
1 40 0 378 1
23 33 1 378 1
23 33 0 378 1
1 102 1 378 1
1 102 0 378 1
74 168 0 379 1
45 75 1 379 1
45 75 0 379 1
75 166 0 380 1
76 161 0 380 1
34 133 1 380 1
34 133 0 380 1
60 6 1 380 1
60 6 0 380 1
65 14 1 380 1
65 14 0 380 1
66 97 1 380 1
66 97 0 380 1
1 102 1 380 1
1 102 0 380 1
75 47 1 380 1
75 47 0 380 1
78 160 0 381 1
22 17 1 381 1
22 17 0 381 1
62 103 1 381 1
62 103 0 381 1
26 46 1 382 1
26 46 0 382 1
29 1 1 383 1
29 1 0 383 1
27 4 1 383 1
27 4 0 383 1
44 27 1 384 1
44 27 0 384 1
21 53 1 384 1
21 53 0 384 1
19 71 1 384 1
19 71 0 384 1
48 35 1 384 1
48 35 0 384 1
5 25 1 384 1
5 25 0 384 1
16 10 1 385 1
16 10 0 385 1
33 43 1 385 1
33 43 0 385 1
15 4 1 385 1
15 4 0 385 1
67 18 1 385 1
67 18 0 385 1
18 6 1 385 1
18 6 0 385 1
70 6 1 385 1
70 6 0 385 1
78 123 1 385 1
78 123 0 385 1
26 46 1 385 1
26 46 0 385 1
21 53 1 385 1
21 53 0 385 1
5 25 1 385 1
5 25 0 385 1
16 96 1 385 1
16 96 0 385 1
33 51 1 385 1
33 51 0 385 1
15 6 1 385 1
15 6 0 385 1
18 29 1 385 1
18 29 0 385 1
40 1 1 386 1
40 1 0 386 1
55 51 1 386 1
55 51 0 386 1
31 20 1 387 1
31 20 0 387 1
38 80 1 387 1
38 80 0 387 1
6 158 1 387 1
6 158 0 387 1
48 35 1 387 1
48 35 0 387 1
42 9 1 388 1
42 9 0 388 1
37 16 1 388 1
37 16 0 388 1
63 79 1 388 1
63 79 0 388 1
55 51 1 388 1
55 51 0 388 1
58 60 1 389 1
58 60 0 389 1
14 47 1 389 1
14 47 0 389 1
68 75 1 389 1
68 75 0 389 1
37 33 1 389 1
37 33 0 389 1
79 165 0 390 1
41 9 1 390 1
41 9 0 390 1
3 5 1 390 1
3 5 0 390 1
71 94 1 390 1
71 94 0 390 1
72 6 1 390 1
72 6 0 390 1
73 33 1 390 1
73 33 0 390 1
27 4 1 390 1
27 4 0 390 1
33 51 1 390 1
33 51 0 390 1
15 6 1 390 1
15 6 0 390 1
18 29 1 390 1
18 29 0 390 1
63 79 1 390 1
63 79 0 390 1
14 47 1 390 1
14 47 0 390 1
79 43 1 390 1
79 43 0 390 1
7 60 1 391 1
7 60 0 391 1
35 108 1 392 1
35 108 0 392 1
19 162 1 392 0
80 161 0 393 1
76 101 1 393 1
76 101 0 393 1
40 1 1 393 1
40 1 0 393 1
81 168 0 394 1
50 18 1 394 1
50 18 0 394 1
56 31 1 394 1
56 31 0 394 1
34 68 1 394 1
34 68 0 394 1
6 73 1 394 1
6 73 0 394 1
71 95 1 394 1
71 95 0 394 1
82 9 0 395 1
49 52 1 395 1
49 52 0 395 1
54 15 1 395 1
54 15 0 395 1
32 48 1 395 1
32 48 0 395 1
24 109 1 395 1
24 109 0 395 1
80 74 1 395 1
80 74 0 395 1
2 154 1 396 1
2 154 0 396 1
20 32 1 396 1
20 32 0 396 1
59 141 1 396 1
59 141 0 396 1
82 1 1 396 1
82 1 0 396 1
34 68 1 397 1
34 68 0 397 1
20 32 1 397 1
20 32 0 397 1
82 1 1 397 1
82 1 0 397 1
11 28 1 398 1
11 28 0 398 1
30 9 1 398 1
30 9 0 398 1
66 39 1 398 1
66 39 0 398 1
42 9 1 398 1
42 9 0 398 1
71 131 1 398 1
71 131 0 398 1
39 82 1 399 1
39 82 0 399 1
35 108 1 399 1
35 108 0 399 1
71 131 1 399 1
71 131 0 399 1
39 66 1 399 1
39 66 0 399 1
47 33 1 400 1
47 33 0 400 1
64 4 1 400 1
64 4 0 400 1
23 34 1 400 1
23 34 0 400 1
60 23 1 400 1
60 23 0 400 1
38 29 1 400 1
38 29 0 400 1
32 6 1 400 1
32 6 0 400 1
2 71 1 400 1
2 71 0 400 1
30 9 1 400 1
30 9 0 400 1
23 54 1 400 1
23 54 0 400 1
52 55 1 401 1
52 55 0 401 1
6 73 1 401 1
6 73 0 401 1
11 55 1 401 1
11 55 0 401 1
39 66 1 401 1
39 66 0 401 1
38 6 1 401 1
38 6 0 401 1
83 160 0 403 1
36 30 1 403 1
36 30 0 403 1
29 124 1 403 1
29 124 0 403 1
41 75 1 403 1
41 75 0 403 1
50 18 1 403 1
50 18 0 403 1
84 163 0 404 1
12 16 1 404 1
12 16 0 404 1
31 21 1 404 1
31 21 0 404 1
63 6 1 404 1
63 6 0 404 1
11 55 1 404 1
11 55 0 404 1
41 75 1 404 1
41 75 0 404 1
12 1 1 404 1
12 1 0 404 1
31 111 1 404 1
31 111 0 404 1
63 29 1 404 1
63 29 0 404 1
45 4 1 405 1
45 4 0 405 1
1 39 1 405 1
1 39 0 405 1
3 5 1 405 1
3 5 0 405 1
27 12 1 405 1
27 12 0 405 1
54 15 1 405 1
54 15 0 405 1
47 29 1 405 1
47 29 0 405 1
64 4 1 405 1
64 4 0 405 1
32 6 1 405 1
32 6 0 405 1
52 49 1 405 1
52 49 0 405 1
38 6 1 405 1
38 6 0 405 1
29 124 1 405 1
29 124 0 405 1
63 29 1 405 1
63 29 0 405 1
27 67 1 405 1
27 67 0 405 1
85 169 0 406 1
53 46 1 406 1
53 46 0 406 1
10 0 1 407 1
10 0 0 407 1
78 10 1 407 1
78 10 0 407 1
81 145 1 407 1
81 145 0 407 1
49 52 1 407 1
49 52 0 407 1
83 46 1 407 1
83 46 0 407 1
8 19 1 408 1
8 19 0 408 1
15 90 1 408 1
15 90 0 408 1
74 144 1 409 1
74 144 0 409 1
65 64 1 409 1
65 64 0 409 1
7 60 1 409 1
7 60 0 409 1
75 9 1 410 1
75 9 0 410 1
45 4 1 410 1
45 4 0 410 1
27 67 1 410 1
27 67 0 410 1
65 13 1 410 1
65 13 0 410 1
33 56 1 411 1
33 56 0 411 1
25 70 1 412 1
25 70 0 412 1
13 47 1 413 1
13 47 0 413 1
18 4 1 413 1
18 4 0 413 1
79 32 1 413 1
79 32 0 413 1
15 90 1 413 1
15 90 0 413 1
17 27 1 414 1
17 27 0 414 1
70 53 1 414 1
70 53 0 414 1
25 104 1 414 1
25 104 0 414 1
43 1 1 415 1
43 1 0 415 1
46 29 1 415 1
46 29 0 415 1
51 10 1 415 1
51 10 0 415 1
4 6 1 415 1
4 6 0 415 1
62 6 1 415 1
62 6 0 415 1
21 4 1 415 1
21 4 0 415 1
48 6 1 415 1
48 6 0 415 1
68 4 1 415 1
68 4 0 415 1
37 33 1 415 1
37 33 0 415 1
23 54 1 415 1
23 54 0 415 1
70 53 1 415 1
70 53 0 415 1
43 88 1 415 1
43 88 0 415 1
4 29 1 415 1
4 29 0 415 1
21 6 1 415 1
21 6 0 415 1
22 17 1 416 1
22 17 0 416 1
72 75 1 416 1
72 75 0 416 1
84 1 1 416 1
84 1 0 416 1
8 166 1 416 0
68 29 1 416 1
68 29 0 416 1
36 35 1 417 1
36 35 0 417 1
66 4 1 418 1
66 4 0 418 1
42 156 1 418 1
42 156 0 418 1
53 148 1 418 1
53 148 0 418 1
75 9 1 418 1
75 9 0 418 1
85 126 1 419 1
85 126 0 419 1
46 33 1 419 1
46 33 0 419 1
72 75 1 419 1
72 75 0 419 1
57 109 1 420 1
57 109 0 420 1
16 96 1 420 1
16 96 0 420 1
14 48 1 420 1
14 48 0 420 1
74 123 1 420 1
74 123 0 420 1
18 4 1 420 1
18 4 0 420 1
25 104 1 420 1
25 104 0 420 1
4 29 1 420 1
4 29 0 420 1
21 6 1 420 1
21 6 0 420 1
68 29 1 420 1
68 29 0 420 1
66 4 1 420 1
66 4 0 420 1
46 33 1 420 1
46 33 0 420 1
79 32 1 421 1
79 32 0 421 1
69 78 1 422 1
69 78 0 422 1
30 129 1 423 1
30 129 0 423 1
30 36 1 423 1
30 36 0 423 1
38 45 1 424 1
38 45 0 424 1
69 78 1 424 1
69 78 0 424 1
86 164 0 425 1
67 16 1 425 1
67 16 0 425 1
5 15 1 425 1
5 15 0 425 1
20 82 1 425 1
20 82 0 425 1
35 15 1 425 1
35 15 0 425 1
52 49 1 425 1
52 49 0 425 1
29 2 1 425 1
29 2 0 425 1
27 6 1 425 1
27 6 0 425 1
30 36 1 425 1
30 36 0 425 1
61 60 1 426 1
61 60 0 426 1
67 88 1 426 1
67 88 0 426 1
27 4 1 426 1
27 4 0 426 1
40 121 1 427 1
40 121 0 427 1
32 58 1 427 1
32 58 0 427 1
35 15 1 427 1
35 15 0 427 1
44 28 1 428 1
44 28 0 428 1
55 52 1 428 1
55 52 0 428 1
62 2 1 428 1
62 2 0 428 1
42 89 1 428 1
42 89 0 428 1
50 17 1 429 1
50 17 0 429 1
33 56 1 429 1
33 56 0 429 1
48 3 1 429 1
48 3 0 429 1
59 37 1 430 1
59 37 0 430 1
41 4 1 430 1
41 4 0 430 1
1 40 1 430 1
1 40 0 430 1
78 160 1 430 0
81 4 1 430 1
81 4 0 430 1
45 6 1 430 1
45 6 0 430 1
4 135 1 430 1
4 135 0 430 1
86 60 1 430 1
86 60 0 430 1
61 60 1 430 1
61 60 0 430 1
67 88 1 430 1
67 88 0 430 1
27 4 1 430 1
27 4 0 430 1
1 102 1 430 1
1 102 0 430 1
24 0 1 431 1
24 0 0 431 1
15 19 1 431 1
15 19 0 431 1
15 73 1 431 1
15 73 0 431 1
31 111 1 432 1
31 111 0 432 1
14 163 1 432 0
32 58 1 432 1
32 58 0 432 1
44 49 1 432 1
44 49 0 432 1
55 28 1 432 1
55 28 0 432 1
63 30 1 433 1
63 30 0 433 1
64 6 1 434 1
64 6 0 434 1
48 3 1 434 1
48 3 0 434 1
63 6 1 434 1
63 6 0 434 1
64 29 1 434 1
64 29 0 434 1
66 12 1 435 1
66 12 0 435 1
5 15 1 435 1
5 15 0 435 1
50 17 1 435 1
50 17 0 435 1
81 4 1 435 1
81 4 0 435 1
63 6 1 435 1
63 6 0 435 1
64 29 1 435 1
64 29 0 435 1
76 16 1 436 1
76 16 0 436 1
51 46 1 436 1
51 46 0 436 1
57 163 1 436 0
23 33 1 437 1
23 33 0 437 1
55 28 1 437 1
55 28 0 437 1
65 14 1 438 1
65 14 0 438 1
62 2 1 438 1
62 2 0 438 1
56 10 1 439 1
56 10 0 439 1
87 168 0 440 1
34 92 1 440 1
34 92 0 440 1
43 89 1 440 1
43 89 0 440 1
18 6 1 440 1
18 6 0 440 1
38 45 1 440 1
38 45 0 440 1
76 4 1 440 1
76 4 0 440 1
65 14 1 440 1
65 14 0 440 1
18 29 1 440 1
18 29 0 440 1
73 46 1 441 1
73 46 0 441 1
10 1 1 441 1
10 1 0 441 1
13 9 1 441 1
13 9 0 441 1
66 35 1 441 1
66 35 0 441 1
10 25 1 441 1
10 25 0 441 1
74 10 1 442 1
74 10 0 442 1
68 4 1 442 1
68 4 0 442 1
59 92 1 442 1
59 92 0 442 1
45 168 1 442 0
13 1 1 442 1
13 1 0 442 1
13 1 1 443 1
13 1 0 443 1
28 60 1 444 1
28 60 0 444 1
29 36 1 444 1
29 36 0 444 1
31 20 1 444 1
31 20 0 444 1
26 29 1 445 1
26 29 0 445 1
80 6 1 445 1
80 6 0 445 1
60 82 1 445 1
60 82 0 445 1
11 4 1 445 1
11 4 0 445 1
49 51 1 445 1
49 51 0 445 1
70 4 1 445 1
70 4 0 445 1
36 6 1 445 1
36 6 0 445 1
72 4 1 445 1
72 4 0 445 1
79 43 1 445 1
79 43 0 445 1
51 46 1 445 1
51 46 0 445 1
10 25 1 445 1
10 25 0 445 1
60 66 1 445 1
60 66 0 445 1
11 6 1 445 1
11 6 0 445 1
70 6 1 445 1
70 6 0 445 1
6 9 1 446 1
6 9 0 446 1
21 24 1 446 1
21 24 0 446 1
40 23 1 446 1
40 23 0 446 1
42 89 1 446 1
42 89 0 446 1
33 51 1 446 1
33 51 0 446 1
24 160 1 446 0
64 149 1 446 1
64 149 0 446 1
62 63 1 446 1
62 63 0 446 1
72 29 1 446 1
72 29 0 446 1
71 9 1 447 1
71 9 0 447 1
48 4 1 447 1
48 4 0 447 1
66 35 1 447 1
66 35 0 447 1
68 9 1 447 1
68 9 0 447 1
31 20 1 447 1
31 20 0 447 1
21 24 1 447 1
21 24 0 447 1
35 62 1 448 1
35 62 0 448 1
81 77 1 448 1
81 77 0 448 1
49 51 1 448 1
49 51 0 448 1
60 66 1 448 1
60 66 0 448 1
62 63 1 448 1
62 63 0 448 1
71 1 1 448 1
71 1 0 448 1
3 16 1 449 1
3 16 0 449 1
54 16 1 449 1
54 16 0 449 1
85 132 1 449 1
85 132 0 449 1
41 166 1 449 0
28 60 1 449 1
28 60 0 449 1
35 108 1 449 1
35 108 0 449 1
88 164 0 450 1
46 118 1 450 1
46 118 0 450 1
27 65 1 450 1
27 65 0 450 1
23 33 1 450 1
23 33 0 450 1
76 4 1 450 1
76 4 0 450 1
18 29 1 450 1
18 29 0 450 1
80 6 1 450 1
80 6 0 450 1
36 6 1 450 1
36 6 0 450 1
79 43 1 450 1
79 43 0 450 1
11 6 1 450 1
11 6 0 450 1
6 4 1 450 1
6 4 0 450 1
33 51 1 450 1
33 51 0 450 1
72 29 1 450 1
72 29 0 450 1
48 4 1 450 1
48 4 0 450 1
81 77 1 450 1
81 77 0 450 1
3 88 1 450 1
3 88 0 450 1
82 10 1 452 1
82 10 0 452 1
20 73 1 452 1
20 73 0 452 1
46 167 1 452 0
82 96 1 452 1
82 96 0 452 1
89 168 0 453 1
37 76 1 453 1
37 76 0 453 1
1 102 1 453 1
1 102 0 453 1
56 10 1 453 1
56 10 0 453 1
34 169 1 453 0
73 68 1 453 1
73 68 0 453 1
59 92 1 454 1
59 92 0 454 1
40 23 1 454 1
40 23 0 454 1
30 9 1 455 1
30 9 0 455 1
68 9 1 455 1
68 9 0 455 1
88 60 1 455 1
88 60 0 455 1
2 60 1 456 1
2 60 0 456 1
44 32 1 456 1
44 32 0 456 1
62 2 1 456 1
62 2 0 456 1
39 1 1 457 1
39 1 0 457 1
44 32 1 457 1
44 32 0 457 1
17 28 1 458 1
17 28 0 458 1
25 69 1 458 1
25 69 0 458 1
62 2 1 458 1
62 2 0 458 1
70 3 1 459 1
70 3 0 459 1
31 21 1 459 1
31 21 0 459 1
35 108 1 459 1
35 108 0 459 1
31 111 1 459 1
31 111 0 459 1
12 82 1 460 1
12 82 0 460 1
83 33 1 460 1
83 33 0 460 1
4 4 1 460 1
4 4 0 460 1
67 89 1 460 1
67 89 0 460 1
32 4 1 460 1
32 4 0 460 1
87 44 1 460 1
87 44 0 460 1
38 29 1 460 1
38 29 0 460 1
26 163 1 460 0
3 88 1 460 1
3 88 0 460 1
12 66 1 460 1
12 66 0 460 1
54 163 1 461 0
20 73 1 461 1
20 73 0 461 1
38 6 1 461 1
38 6 0 461 1
12 66 1 461 1
12 66 0 461 1
50 18 1 462 1
50 18 0 462 1
63 91 1 462 1
63 91 0 462 1
27 65 1 462 1
27 65 0 462 1
17 49 1 462 1
17 49 0 462 1
63 58 1 462 1
63 58 0 462 1
39 3 1 463 1
39 3 0 463 1
47 46 1 464 1
47 46 0 464 1
64 150 1 464 1
64 150 0 464 1
71 1 1 464 1
71 1 0 464 1
81 6 1 464 1
81 6 0 464 1
39 3 1 464 1
39 3 0 464 1
81 29 1 464 1
81 29 0 464 1
53 148 1 465 1
53 148 0 465 1
52 59 1 465 1
52 59 0 465 1
76 12 1 465 1
76 12 0 465 1
89 4 1 465 1
89 4 0 465 1
83 6 1 465 1
83 6 0 465 1
4 33 1 465 1
4 33 0 465 1
38 6 1 465 1
38 6 0 465 1
81 29 1 465 1
81 29 0 465 1
43 160 1 466 0
37 161 1 466 0
25 162 1 466 0
67 89 1 466 1
67 89 0 466 1
82 96 1 467 1
82 96 0 467 1
63 58 1 467 1
63 58 0 467 1
75 19 1 468 1
75 19 0 468 1
50 18 1 468 1
50 18 0 468 1
47 160 1 468 0
65 64 1 469 1
65 64 0 469 1
11 100 1 469 1
11 100 0 469 1
70 7 1 469 1
70 7 0 469 1
85 133 1 470 1
85 133 0 470 1
80 4 1 470 1
80 4 0 470 1
48 6 1 470 1
48 6 0 470 1
73 68 1 470 1
73 68 0 470 1
65 13 1 470 1
65 13 0 470 1
79 32 1 471 1
79 32 0 471 1
33 56 1 471 1
33 56 0 471 1
29 36 1 472 1
29 36 0 472 1
18 4 1 472 1
18 4 0 472 1
22 16 1 473 1
22 16 0 473 1
84 10 1 473 1
84 10 0 473 1
86 86 1 473 1
86 86 0 473 1
31 111 1 473 1
31 111 0 473 1
76 2 1 473 1
76 2 0 473 1
18 29 1 473 1
18 29 0 473 1
22 1 1 473 1
22 1 0 473 1
84 96 1 473 1
84 96 0 473 1
90 164 0 474 1
55 27 1 474 1
55 27 0 474 1
52 27 1 474 1
52 27 0 474 1
16 1 1 475 1
16 1 0 475 1
5 6 1 475 1
5 6 0 475 1
66 6 1 475 1
66 6 0 475 1
21 4 1 475 1
21 4 0 475 1
30 47 1 475 1
30 47 0 475 1
68 156 1 475 1
68 156 0 475 1
4 33 1 475 1
4 33 0 475 1
80 88 1 475 1
80 88 0 475 1
48 6 1 475 1
48 6 0 475 1
15 9 1 476 1
15 9 0 476 1
13 31 1 476 1
13 31 0 476 1
36 75 1 476 1
36 75 0 476 1
75 166 1 476 0
66 4 1 476 1
66 4 0 476 1
10 26 1 477 1
10 26 0 477 1
39 4 1 477 1
39 4 0 477 1
79 32 1 477 1
79 32 0 477 1
10 113 1 477 1
10 113 0 477 1
58 61 1 478 1
58 61 0 478 1
61 61 1 478 1
61 61 0 478 1
1 39 1 478 1
1 39 0 478 1
15 9 1 478 1
15 9 0 478 1
10 113 1 478 1
10 113 0 478 1
42 16 1 479 1
42 16 0 479 1
32 166 1 479 0
20 100 1 479 1
20 100 0 479 1
90 60 1 479 1
90 60 0 479 1
16 4 1 479 1
16 4 0 479 1
36 75 1 479 1
36 75 0 479 1
7 61 1 480 1
7 61 0 480 1
18 29 1 480 1
18 29 0 480 1
5 6 1 480 1
5 6 0 480 1
21 1 1 480 1
21 1 0 480 1
39 4 1 480 1
39 4 0 480 1
42 33 1 480 1
42 33 0 480 1
16 4 1 480 1
16 4 0 480 1
30 47 1 481 1
30 47 0 481 1
7 78 1 481 1
7 78 0 481 1
72 118 1 483 1
72 118 0 483 1
70 7 1 484 1
70 7 0 484 1
84 96 1 484 1
84 96 0 484 1
72 44 1 484 1
72 44 0 484 1
44 82 1 485 1
44 82 0 485 1
35 15 1 485 1
35 15 0 485 1
85 0 1 485 1
85 0 0 485 1
73 15 1 485 1
73 15 0 485 1
7 78 1 486 1
7 78 0 486 1
83 58 1 487 1
83 58 0 487 1
58 66 1 487 1
58 66 0 487 1
74 10 1 488 1
74 10 0 488 1
49 52 1 488 1
49 52 0 488 1
11 69 1 489 1
11 69 0 489 1
33 56 1 489 1
33 56 0 489 1
48 3 1 489 1
48 3 0 489 1
6 15 1 490 1
6 15 0 490 1
62 2 1 490 1
62 2 0 490 1
87 33 1 490 1
87 33 0 490 1
3 89 1 490 1
3 89 0 490 1
27 6 1 490 1
27 6 0 490 1
63 4 1 490 1
63 4 0 490 1
31 20 1 490 1
31 20 0 490 1
1 39 1 490 1
1 39 0 490 1
63 6 1 490 1
63 6 0 490 1
31 165 1 490 0
60 19 1 491 1
60 19 0 491 1
61 99 1 491 1
61 99 0 491 1
44 162 1 491 0
58 66 1 491 1
58 66 0 491 1
3 89 1 491 1
3 89 0 491 1
60 73 1 491 1
60 73 0 491 1
17 49 1 492 1
17 49 0 492 1
86 51 1 492 1
86 51 0 492 1
83 58 1 492 1
83 58 0 492 1
81 30 1 493 1
81 30 0 493 1
73 15 1 493 1
73 15 0 493 1
89 6 1 494 1
89 6 0 494 1
48 3 1 494 1
48 3 0 494 1
81 4 1 494 1
81 4 0 494 1
89 29 1 494 1
89 29 0 494 1
64 150 1 495 1
64 150 0 495 1
35 15 1 495 1
35 15 0 495 1
27 6 1 495 1
27 6 0 495 1
63 6 1 495 1
63 6 0 495 1
61 99 1 495 1
61 99 0 495 1
81 4 1 495 1
81 4 0 495 1
89 29 1 495 1
89 29 0 495 1
29 9 1 496 1
29 9 0 496 1
91 168 0 497 1
38 45 1 497 1
38 45 0 497 1
11 69 1 497 1
11 69 0 497 1
92 168 0 498 1
65 14 1 498 1
65 14 0 498 1
76 2 1 498 1
76 2 0 498 1
30 57 1 498 1
30 57 0 498 1
56 0 1 499 1
56 0 0 499 1
67 16 1 499 1
67 16 0 499 1
68 22 1 499 1
68 22 0 499 1
67 1 1 499 1
67 1 0 499 1
59 31 1 500 1
59 31 0 500 1
20 49 1 500 1
20 49 0 500 1
39 35 1 500 1
39 35 0 500 1
16 6 1 500 1
16 6 0 500 1
38 45 1 500 1
38 45 0 500 1
65 14 1 500 1
65 14 0 500 1
23 46 1 501 1
23 46 0 501 1
53 9 1 501 1
53 9 0 501 1
18 4 1 502 1
18 4 0 502 1
67 1 1 503 1
67 1 0 503 1
20 49 1 503 1
20 49 0 503 1
69 60 1 504 1
69 60 0 504 1
51 29 1 505 1
51 29 0 505 1
79 43 1 505 1
79 43 0 505 1
36 4 1 505 1
36 4 0 505 1
70 4 1 505 1
70 4 0 505 1
68 22 1 505 1
68 22 0 505 1
23 46 1 505 1
23 46 0 505 1
36 6 1 505 1
36 6 0 505 1
70 6 1 505 1
70 6 0 505 1
93 169 0 506 1
40 9 1 506 1
40 9 0 506 1
33 51 1 506 1
33 51 0 506 1
1 142 1 506 1
1 142 0 506 1
76 63 1 506 1
76 63 0 506 1
30 7 1 506 1
30 7 0 506 1
48 4 1 507 1
48 4 0 507 1
39 35 1 507 1
39 35 0 507 1
1 97 1 507 1
1 97 0 507 1
31 165 0 507 1
48 6 1 507 1
48 6 0 507 1
31 20 1 507 1
31 20 0 507 1
50 16 1 508 1
50 16 0 508 1
72 44 1 508 1
72 44 0 508 1
49 32 1 508 1
49 32 0 508 1
6 74 1 508 1
6 74 0 508 1
81 79 1 508 1
81 79 0 508 1
33 51 1 508 1
33 51 0 508 1
76 63 1 508 1
76 63 0 508 1
2 60 1 509 1
2 60 0 509 1
10 16 1 509 1
10 16 0 509 1
87 23 1 509 1
87 23 0 509 1
69 164 1 509 0
50 33 1 509 1
50 33 0 509 1
10 1 1 509 1
10 1 0 509 1
66 4 1 510 1
66 4 0 510 1
42 118 1 510 1
42 118 0 510 1
86 51 1 510 1
86 51 0 510 1
92 29 1 510 1
92 29 0 510 1
18 4 1 510 1
18 4 0 510 1
79 43 1 510 1
79 43 0 510 1
36 6 1 510 1
36 6 0 510 1
70 6 1 510 1
70 6 0 510 1
40 4 1 510 1
40 4 0 510 1
48 6 1 510 1
48 6 0 510 1
81 79 1 510 1
81 79 0 510 1
42 167 1 512 0
88 61 1 513 1
88 61 0 513 1
61 82 1 513 1
61 82 0 513 1
53 163 1 513 0
73 62 1 514 1
73 62 0 514 1
63 42 1 514 1
63 42 0 514 1
30 7 1 514 1
30 7 0 514 1
87 23 1 514 1
87 23 0 514 1
85 0 1 515 1
85 0 0 515 1
59 160 1 515 0
16 163 1 515 0
6 74 1 515 1
6 74 0 515 1
22 116 1 516 1
22 116 0 516 1
17 32 1 516 1
17 32 0 516 1
64 9 1 516 1
64 9 0 516 1
76 2 1 516 1
76 2 0 516 1
12 1 1 517 1
12 1 0 517 1
17 32 1 517 1
17 32 0 517 1
64 1 1 517 1
64 1 0 517 1
52 28 1 518 1
52 28 0 518 1
62 2 1 518 1
62 2 0 518 1
76 2 1 518 1
76 2 0 518 1
29 73 1 519 1
29 73 0 519 1
93 126 1 519 1
93 126 0 519 1
31 21 1 519 1
31 21 0 519 1
61 162 1 519 0
31 111 1 519 1
31 111 0 519 1
94 168 0 520 1
71 82 1 520 1
71 82 0 520 1
80 5 1 520 1
80 5 0 520 1
83 4 1 520 1
83 4 0 520 1
38 29 1 520 1
38 29 0 520 1
68 0 1 520 1
68 0 0 520 1
1 97 1 520 1
1 97 0 520 1
22 116 1 520 1
22 116 0 520 1
13 10 1 521 1
13 10 0 521 1
5 55 1 521 1
5 55 0 521 1
88 52 1 521 1
88 52 0 521 1
12 4 1 521 1
12 4 0 521 1
52 66 1 521 1
52 66 0 521 1
29 73 1 521 1
29 73 0 521 1
38 6 1 521 1
38 6 0 521 1
13 96 1 521 1
13 96 0 521 1
82 1 1 522 1
82 1 0 522 1
4 18 1 522 1
4 18 0 522 1
27 91 1 522 1
27 91 0 522 1
91 0 1 522 1
91 0 0 522 1
27 58 1 522 1
27 58 0 522 1
89 30 1 523 1
89 30 0 523 1
82 9 1 523 1
82 9 0 523 1
3 16 1 524 1
3 16 0 524 1
81 6 1 524 1
81 6 0 524 1
64 1 1 524 1
64 1 0 524 1
5 55 1 524 1
5 55 0 524 1
51 29 1 525 1
51 29 0 525 1
40 12 1 525 1
40 12 0 525 1
73 18 1 525 1
73 18 0 525 1
80 5 1 525 1
80 5 0 525 1
83 9 1 525 1
83 9 0 525 1
12 4 1 525 1
12 4 0 525 1
38 6 1 525 1
38 6 0 525 1
88 52 1 527 1
88 52 0 527 1
27 58 1 527 1
27 58 0 527 1
15 19 1 528 1
15 19 0 528 1
49 32 1 528 1
49 32 0 528 1
70 90 1 528 1
70 90 0 528 1
93 115 1 528 1
93 115 0 528 1
15 73 1 528 1
15 73 0 528 1
65 64 1 529 1
65 64 0 529 1
18 6 1 530 1
18 6 0 530 1
48 4 1 530 1
48 4 0 530 1
63 42 1 530 1
63 42 0 530 1
65 13 1 530 1
65 13 0 530 1
86 56 1 531 1
86 56 0 531 1
71 104 1 531 1
71 104 0 531 1
18 4 1 531 1
18 4 0 531 1
11 70 1 532 1
11 70 0 532 1
92 4 1 532 1
92 4 0 532 1
87 47 1 532 1
87 47 0 532 1
56 1 1 533 1
56 1 0 533 1
79 32 1 533 1
79 32 0 533 1
70 90 1 533 1
70 90 0 533 1
87 47 1 533 1
87 47 0 533 1
56 25 1 533 1
56 25 0 533 1
55 27 1 534 1
55 27 0 534 1
74 0 1 534 1
74 0 0 534 1
21 10 1 535 1
21 10 0 535 1
35 6 1 535 1
35 6 0 535 1
39 6 1 535 1
39 6 0 535 1
50 33 1 535 1
50 33 0 535 1
30 4 1 535 1
30 4 0 535 1
94 54 1 535 1
94 54 0 535 1
56 25 1 535 1
56 25 0 535 1
39 29 1 535 1
39 29 0 535 1
60 9 1 536 1
60 9 0 536 1
67 31 1 536 1
67 31 0 536 1
36 75 1 536 1
36 75 0 536 1
3 168 1 536 0
72 29 1 537 1
72 29 0 537 1
66 26 1 537 1
66 26 0 537 1
4 161 1 537 0
66 113 1 537 1
66 113 0 537 1
28 61 1 538 1
28 61 0 538 1
1 39 1 538 1
1 39 0 538 1
83 9 1 538 1
83 9 0 538 1
84 1 1 539 1
84 1 0 539 1
82 9 1 539 1
82 9 0 539 1
36 75 1 539 1
36 75 0 539 1
1 167 1 539 0
10 1 1 540 1
10 1 0 540 1
81 6 1 540 1
81 6 0 540 1
48 4 1 540 1
48 4 0 540 1
71 104 1 540 1
71 104 0 540 1
92 4 1 540 1
92 4 0 540 1
35 6 1 540 1
35 6 0 540 1
72 29 1 540 1
72 29 0 540 1
79 32 1 541 1
79 32 0 541 1
13 96 1 542 1
13 96 0 542 1
20 59 1 543 1
20 59 0 543 1
38 45 1 544 1
38 45 0 544 1
20 32 1 544 1
20 32 0 544 1
17 82 1 545 1
17 82 0 545 1
58 1 1 547 1
58 1 0 547 1
17 49 1 547 1
17 49 0 547 1
33 52 1 548 1
33 52 0 548 1
11 56 1 548 1
11 56 0 548 1
21 10 1 548 1
21 10 0 548 1
60 168 1 548 0
11 56 1 549 1
11 56 0 549 1
19 162 0 549 1
6 2 1 550 1
6 2 0 550 1
27 4 1 550 1
27 4 0 550 1
93 169 1 550 0
63 29 1 550 1
63 29 0 550 1
30 163 1 550 0
28 24 1 550 1
28 24 0 550 1
89 78 1 551 1
89 78 0 551 1
70 19 1 551 1
70 19 0 551 1
84 163 1 551 0
70 73 1 551 1
70 73 0 551 1
31 111 1 552 1
31 111 0 552 1
58 87 1 552 1
58 87 0 552 1
33 49 1 552 1
33 49 0 552 1
89 78 1 552 1
89 78 0 552 1
51 30 1 553 1
51 30 0 553 1
68 1 1 554 1
68 1 0 554 1
12 6 1 554 1
12 6 0 554 1
51 6 1 554 1
51 6 0 554 1
68 33 1 554 1
68 33 0 554 1
18 4 1 555 1
18 4 0 555 1
39 29 1 555 1
39 29 0 555 1
27 159 1 555 1
27 159 0 555 1
58 87 1 555 1
58 87 0 555 1
12 6 1 555 1
12 6 0 555 1
51 6 1 555 1
51 6 0 555 1
62 2 1 556 1
62 2 0 556 1
76 74 1 557 1
76 74 0 557 1
94 33 1 557 1
94 33 0 557 1
19 28 1 557 1
19 28 0 557 1
90 61 1 558 1
90 61 0 558 1
65 14 1 558 1
65 14 0 558 1
68 33 1 558 1
68 33 0 558 1
62 2 1 558 1
62 2 0 558 1
94 1 1 558 1
94 1 0 558 1
40 160 1 559 0
76 161 1 559 0
91 109 1 560 1
91 109 0 560 1
48 35 1 560 1
48 35 0 560 1
92 6 1 560 1
92 6 0 560 1
38 45 1 560 1
38 45 0 560 1
82 47 1 561 1
82 47 0 561 1
82 151 1 561 1
82 151 0 561 1
82 47 1 561 1
82 47 0 561 1
72 4 1 562 1
72 4 0 562 1
63 168 1 562 0
27 6 1 562 1
27 6 0 562 1
86 164 1 563 0
17 49 1 563 1
17 49 0 563 1
94 1 1 563 1
94 1 0 563 1
7 60 1 564 1
7 60 0 564 1
22 9 1 564 1
22 9 0 564 1
31 20 1 564 1
31 20 0 564 1
23 29 1 565 1
23 29 0 565 1
29 82 1 565 1
29 82 0 565 1
5 4 1 565 1
5 4 0 565 1
80 6 1 565 1
80 6 0 565 1
88 51 1 565 1
88 51 0 565 1
36 4 1 565 1
36 4 0 565 1
79 43 1 565 1
79 43 0 565 1
92 6 1 565 1
92 6 0 565 1
36 6 1 565 1
36 6 0 565 1
87 48 1 566 1
87 48 0 566 1
35 24 1 566 1
35 24 0 566 1
11 51 1 566 1
11 51 0 566 1
62 63 1 566 1
62 63 0 566 1
27 87 1 566 1
27 87 0 566 1
5 29 1 566 1
5 29 0 566 1
28 24 1 567 1
28 24 0 567 1
90 66 1 567 1
90 66 0 567 1
48 35 1 567 1
48 35 0 567 1
31 20 1 567 1
31 20 0 567 1
73 16 1 568 1
73 16 0 568 1
74 1 1 568 1
74 1 0 568 1
66 113 1 568 1
66 113 0 568 1
18 79 1 568 1
18 79 0 568 1
22 4 1 568 1
22 4 0 568 1
11 51 1 568 1
11 51 0 568 1
62 63 1 568 1
62 63 0 568 1
90 66 1 568 1
90 66 0 568 1
2 78 1 569 1
2 78 0 569 1
85 37 1 569 1
85 37 0 569 1
49 82 1 569 1
49 82 0 569 1
65 4 1 569 1
65 4 0 569 1
7 60 1 569 1
7 60 0 569 1
58 87 1 570 1
58 87 0 570 1
72 4 1 570 1
72 4 0 570 1
23 29 1 570 1
23 29 0 570 1
80 6 1 570 1
80 6 0 570 1
88 51 1 570 1
88 51 0 570 1
79 43 1 570 1
79 43 0 570 1
36 6 1 570 1
36 6 0 570 1
87 30 1 570 1
87 30 0 570 1
27 87 1 570 1
27 87 0 570 1
5 29 1 570 1
5 29 0 570 1
18 79 1 570 1
18 79 0 570 1
22 4 1 570 1
22 4 0 570 1
2 78 1 570 1
2 78 0 570 1
85 38 1 570 1
85 38 0 570 1
65 4 1 570 1
65 4 0 570 1
29 162 1 571 0
87 4 1 571 1
87 4 0 571 1
73 4 1 572 1
73 4 0 572 1
76 161 0 573 1
12 42 1 574 1
12 42 0 574 1
91 109 1 575 1
91 109 0 575 1
85 38 1 575 1
85 38 0 575 1
76 74 1 575 1
76 74 0 575 1
33 32 1 576 1
33 32 0 576 1
35 7 1 576 1
35 7 0 576 1
62 2 1 576 1
62 2 0 576 1
52 1 1 577 1
52 1 0 577 1
33 32 1 577 1
33 32 0 577 1
55 28 1 578 1
55 28 0 578 1
81 121 1 578 1
81 121 0 578 1
71 69 1 578 1
71 69 0 578 1
2 107 1 578 1
2 107 0 578 1
62 2 1 578 1
62 2 0 578 1
81 103 1 578 1
81 103 0 578 1
92 3 1 579 1
92 3 0 579 1
64 82 1 580 1
64 82 0 580 1
56 15 1 580 1
56 15 0 580 1
68 34 1 580 1
68 34 0 580 1
38 29 1 580 1
38 29 0 580 1
58 42 1 580 1
58 42 0 580 1
64 66 1 580 1
64 66 0 580 1
68 54 1 580 1
68 54 0 580 1
15 73 1 581 1
15 73 0 581 1
67 10 1 581 1
67 10 0 581 1
6 160 1 581 0
38 6 1 581 1
38 6 0 581 1
67 96 1 581 1
67 96 0 581 1
50 18 1 582 1
50 18 0 582 1
51 91 1 582 1
51 91 0 582 1
71 52 1 582 1
71 52 0 582 1
51 58 1 582 1
51 58 0 582 1
39 30 1 583 1
39 30 0 583 1
60 168 0 583 1
31 21 1 584 1
31 21 0 584 1
18 6 1 584 1
18 6 0 584 1
92 3 1 584 1
92 3 0 584 1
64 66 1 584 1
64 66 0 584 1
39 6 1 584 1
39 6 0 584 1
93 169 0 584 1
31 111 1 584 1
31 111 0 584 1
18 29 1 584 1
18 29 0 584 1
72 12 1 585 1
72 12 0 585 1
27 87 1 585 1
27 87 0 585 1
73 4 1 585 1
73 4 0 585 1
56 15 1 585 1
56 15 0 585 1
38 6 1 585 1
38 6 0 585 1
18 29 1 585 1
18 29 0 585 1
72 67 1 585 1
72 67 0 585 1
2 78 1 586 1
2 78 0 586 1
71 52 1 587 1
71 52 0 587 1
51 58 1 587 1
51 58 0 587 1
83 19 1 588 1
83 19 0 588 1
20 32 1 588 1
20 32 0 588 1
50 18 1 588 1
50 18 0 588 1
3 168 0 588 1
80 100 1 589 1
80 100 0 589 1
52 163 1 589 0
65 6 1 590 1
65 6 0 590 1
58 42 1 590 1
58 42 0 590 1
80 7 1 590 1
80 7 0 590 1
65 29 1 590 1
65 29 0 590 1
82 48 1 591 1
82 48 0 591 1
88 56 1 591 1
88 56 0 591 1
79 32 1 591 1
79 32 0 591 1
23 4 1 592 1
23 4 0 592 1
31 111 1 593 1
31 111 0 593 1
21 0 1 594 1
21 0 0 594 1
19 27 1 594 1
19 27 0 594 1
49 56 1 594 1
49 56 0 594 1
12 29 1 594 1
12 29 0 594 1
10 10 1 595 1
10 10 0 595 1
28 4 1 595 1
28 4 0 595 1
48 6 1 595 1
48 6 0 595 1
68 54 1 595 1
68 54 0 595 1
60 33 1 595 1
60 33 0 595 1
83 23 1 595 1
83 23 0 595 1
12 6 1 595 1
12 6 0 595 1
28 6 1 595 1
28 6 0 595 1
70 9 1 596 1
70 9 0 596 1
94 31 1 596 1
94 31 0 596 1
36 75 1 596 1
36 75 0 596 1
82 6 1 596 1
82 6 0 596 1
13 1 1 597 1
13 1 0 597 1
22 26 1 597 1
22 26 0 597 1
92 4 1 597 1
92 4 0 597 1
93 126 1 597 1
93 126 0 597 1
79 32 1 597 1
79 32 0 597 1
23 9 1 597 1
23 9 0 597 1
23 9 1 598 1
23 9 0 598 1
66 16 1 599 1
66 16 0 599 1
15 100 1 599 1
15 100 0 599 1
48 87 1 599 1
48 87 0 599 1
12 6 1 599 1
12 6 0 599 1
36 75 1 599 1
36 75 0 599 1
66 1 1 599 1
66 1 0 599 1
74 47 1 600 1
74 47 0 600 1
87 6 1 600 1
87 6 0 600 1
39 6 1 600 1
39 6 0 600 1
27 87 1 600 1
27 87 0 600 1
3 4 1 600 1
3 4 0 600 1
65 29 1 600 1
65 29 0 600 1
21 98 1 600 1
21 98 0 600 1
70 4 1 600 1
70 4 0 600 1
92 4 1 600 1
92 4 0 600 1
66 1 1 600 1
66 1 0 600 1
87 29 1 600 1
87 29 0 600 1
82 6 1 601 1
82 6 0 601 1
15 90 1 601 1
15 90 0 601 1
74 47 1 601 1
74 47 0 601 1
87 29 1 601 1
87 29 0 601 1
13 6 1 602 1
13 6 0 602 1
17 59 1 603 1
17 59 0 603 1
35 7 1 604 1
35 7 0 604 1
67 96 1 604 1
67 96 0 604 1
33 82 1 605 1
33 82 0 605 1
72 67 1 605 1
72 67 0 605 1
93 115 1 606 1
93 115 0 606 1
22 93 1 607 1
22 93 0 607 1
11 52 1 608 1
11 52 0 608 1
10 10 1 608 1
10 10 0 608 1
49 56 1 609 1
49 56 0 609 1
76 2 1 610 1
76 2 0 610 1
51 4 1 610 1
51 4 0 610 1
58 29 1 610 1
58 29 0 610 1
31 20 1 610 1
31 20 0 610 1
90 19 1 611 1
90 19 0 611 1
91 0 1 611 1
91 0 0 611 1
33 162 1 611 0
51 29 1 611 1
51 29 0 611 1
90 73 1 611 1
90 73 0 611 1
2 78 1 612 1
2 78 0 612 1
11 69 1 612 1
11 69 0 612 1
18 30 1 613 1
18 30 0 613 1
28 90 1 613 1
28 90 0 613 1
73 6 1 614 1
73 6 0 614 1
18 4 1 614 1
18 4 0 614 1
48 87 1 615 1
48 87 0 615 1
27 87 1 615 1
27 87 0 615 1
13 6 1 615 1
13 6 0 615 1
51 29 1 615 1
51 29 0 615 1
73 6 1 615 1
73 6 0 615 1
18 4 1 615 1
18 4 0 615 1
62 2 1 616 1
62 2 0 616 1
93 126 1 616 1
93 126 0 616 1
55 28 1 617 1
55 28 0 617 1
38 45 1 617 1
38 45 0 617 1
68 33 1 617 1
68 33 0 617 1
11 69 1 617 1
11 69 0 617 1
12 42 1 618 1
12 42 0 618 1
74 57 1 618 1
74 57 0 618 1
62 2 1 618 1
62 2 0 618 1
74 1 1 618 1
74 1 0 618 1
74 33 1 618 1
74 33 0 618 1
15 19 1 619 1
15 19 0 619 1
58 45 1 619 1
58 45 0 619 1
15 73 1 619 1
15 73 0 619 1
85 31 1 620 1
85 31 0 620 1
3 6 1 620 1
3 6 0 620 1
92 35 1 620 1
92 35 0 620 1
82 42 1 620 1
82 42 0 620 1
27 29 1 620 1
27 29 0 620 1
58 45 1 620 1
58 45 0 620 1
85 0 1 620 1
85 0 0 620 1
3 29 1 620 1
3 29 0 620 1
81 103 1 621 1
81 103 0 621 1
68 4 1 621 1
68 4 0 621 1
65 4 1 622 1
65 4 0 622 1
88 164 1 623 0
17 28 1 623 1
17 28 0 623 1
89 60 1 624 1
89 60 0 624 1
5 46 1 624 1
5 46 0 624 1
20 28 1 624 1
20 28 0 624 1
91 46 1 624 1
91 46 0 624 1
56 6 1 625 1
56 6 0 625 1
71 51 1 625 1
71 51 0 625 1
79 43 1 625 1
79 43 0 625 1
36 4 1 625 1
36 4 0 625 1
35 4 1 625 1
35 4 0 625 1
72 6 1 625 1
72 6 0 625 1
76 15 1 625 1
76 15 0 625 1
28 1 1 625 1
28 1 0 625 1
38 87 1 625 1
38 87 0 625 1
91 46 1 625 1
91 46 0 625 1
36 6 1 625 1
36 6 0 625 1
72 29 1 625 1
72 29 0 625 1
49 51 1 626 1
49 51 0 626 1
62 63 1 626 1
62 63 0 626 1
31 20 1 627 1
31 20 0 627 1
92 35 1 627 1
92 35 0 627 1
27 244 1 627 1
27 244 0 627 1
20 55 1 627 1
20 55 0 627 1
50 16 1 628 1
50 16 0 628 1
18 79 1 628 1
18 79 0 628 1
17 28 1 628 1
17 28 0 628 1
71 51 1 628 1
71 51 0 628 1
62 63 1 628 1
62 63 0 628 1
7 78 1 629 1
7 78 0 629 1
21 9 1 629 1
21 9 0 629 1
87 30 1 629 1
87 30 0 629 1
89 60 1 629 1
89 60 0 629 1
70 117 1 630 1
70 117 0 630 1
48 87 1 630 1
48 87 0 630 1
3 29 1 630 1
3 29 0 630 1
68 4 1 630 1
68 4 0 630 1
65 4 1 630 1
65 4 0 630 1
79 43 1 630 1
79 43 0 630 1
76 15 1 630 1
76 15 0 630 1
49 51 1 630 1
49 51 0 630 1
18 79 1 630 1
18 79 0 630 1
7 78 1 630 1
7 78 0 630 1
21 1 1 630 1
21 1 0 630 1
87 6 1 630 1
87 6 0 630 1
87 6 1 631 1
87 6 0 631 1
50 6 1 633 1
50 6 0 633 1
8 166 0 633 1
80 7 1 634 1
80 7 0 634 1
60 18 1 634 1
60 18 0 634 1
83 23 1 634 1
83 23 0 634 1
13 42 1 634 1
13 42 0 634 1
85 0 1 635 1
85 0 0 635 1
12 168 1 636 0
82 42 1 636 1
82 42 0 636 1
62 2 1 636 1
62 2 0 636 1
64 1 1 637 1
64 1 0 637 1
5 0 1 637 1
5 0 0 637 1
19 28 1 638 1
19 28 0 638 1
35 2 1 638 1
35 2 0 638 1
7 107 1 638 1
7 107 0 638 1
62 2 1 638 1
62 2 0 638 1
93 126 1 639 1
93 126 0 639 1
31 21 1 639 1
31 21 0 639 1
31 111 1 639 1
31 111 0 639 1
58 29 1 640 1
58 29 0 640 1
38 87 1 640 1
38 87 0 640 1
94 10 1 641 1
94 10 0 641 1
39 55 1 641 1
39 55 0 641 1
8 73 1 641 1
8 73 0 641 1
39 52 1 641 1
39 52 0 641 1
73 91 1 642 1
73 91 0 642 1
5 0 1 642 1
5 0 0 642 1
73 58 1 642 1
73 58 0 642 1
51 30 1 643 1
51 30 0 643 1
20 55 1 644 1
20 55 0 644 1
18 6 1 644 1
18 6 0 644 1
21 1 1 644 1
21 1 0 644 1
51 6 1 644 1
51 6 0 644 1
18 29 1 644 1
18 29 0 644 1
22 16 1 645 1
22 16 0 645 1
48 87 1 645 1
48 87 0 645 1
68 12 1 645 1
68 12 0 645 1
76 68 1 645 1
76 68 0 645 1
50 6 1 645 1
50 6 0 645 1
58 29 1 645 1
58 29 0 645 1
51 6 1 645 1
51 6 0 645 1
68 67 1 645 1
68 67 0 645 1
19 162 1 646 0
7 78 1 646 1
7 78 0 646 1
22 33 1 646 1
22 33 0 646 1
72 4 1 647 1
72 4 0 647 1
39 52 1 647 1
39 52 0 647 1
73 58 1 647 1
73 58 0 647 1
23 19 1 648 1
23 19 0 648 1
60 18 1 648 1
60 18 0 648 1
93 115 1 648 1
93 115 0 648 1
23 73 1 648 1
23 73 0 648 1
15 73 1 649 1
15 73 0 649 1
65 6 1 650 1
65 6 0 650 1
87 45 1 650 1
87 45 0 650 1
64 75 1 650 1
64 75 0 650 1
36 75 1 651 1
36 75 0 651 1
49 56 1 651 1
49 56 0 651 1
11 70 1 652 1
11 70 0 652 1
3 4 1 652 1
3 4 0 652 1
83 47 1 652 1
83 47 0 652 1
13 166 1 652 0
79 32 1 653 1
79 32 0 653 1
72 79 1 653 1
72 79 0 653 1
83 47 1 653 1
83 47 0 653 1
10 0 1 654 1
10 0 0 654 1
55 27 1 654 1
55 27 0 654 1
65 88 1 654 1
65 88 0 654 1
36 75 1 654 1
36 75 0 654 1
11 104 1 654 1
11 104 0 654 1
66 10 1 655 1
66 10 0 655 1
81 6 1 655 1
81 6 0 655 1
92 6 1 655 1
92 6 0 655 1
80 4 1 655 1
80 4 0 655 1
38 87 1 655 1
38 87 0 655 1
72 79 1 655 1
72 79 0 655 1
66 96 1 655 1
66 96 0 655 1
80 6 1 655 1
80 6 0 655 1
90 9 1 656 1
90 9 0 656 1
70 168 1 656 0
82 29 1 656 1
82 29 0 656 1
48 168 1 656 0
22 33 1 656 1
22 33 0 656 1
92 4 1 656 1
92 4 0 656 1
82 4 1 656 1
82 4 0 656 1
74 18 1 657 1
74 18 0 657 1
90 9 1 658 1
90 9 0 658 1
64 75 1 659 1
64 75 0 659 1
3 4 1 660 1
3 4 0 660 1
11 104 1 660 1
11 104 0 660 1
80 6 1 660 1
80 6 0 660 1
92 4 1 660 1
92 4 0 660 1
67 1 1 661 1
67 1 0 661 1
79 32 1 661 1
79 32 0 661 1
82 4 1 661 1
82 4 0 661 1
66 96 1 662 1
66 96 0 662 1
17 59 1 663 1
17 59 0 663 1
27 41 1 664 1
27 41 0 664 1
51 45 1 664 1
51 45 0 664 1
17 32 1 664 1
17 32 0 664 1
68 67 1 665 1
68 67 0 665 1
67 4 1 665 1
67 4 0 665 1
18 4 1 666 1
18 4 0 666 1
87 45 1 666 1
87 45 0 666 1
25 162 0 666 1
50 58 1 667 1
50 58 0 667 1
15 100 1 667 1
15 100 0 667 1
71 52 1 668 1
71 52 0 668 1
94 10 1 668 1
94 10 0 668 1
74 18 1 668 1
74 18 0 668 1
15 7 1 668 1
15 7 0 668 1
49 56 1 669 1
49 56 0 669 1
81 3 1 669 1
81 3 0 669 1
72 6 1 669 1
72 6 0 669 1
33 162 0 669 1
72 29 1 669 1
72 29 0 669 1
62 2 1 670 1
62 2 0 670 1
73 4 1 670 1
73 4 0 670 1
93 169 1 670 0
38 87 1 670 1
38 87 0 670 1
72 29 1 670 1
72 29 0 670 1
23 73 1 671 1
23 73 0 671 1
48 168 0 671 1
31 111 1 672 1
31 111 0 672 1
7 78 1 672 1
7 78 0 672 1
25 49 1 672 1
25 49 0 672 1
50 58 1 672 1
50 58 0 672 1
71 49 1 672 1
71 49 0 672 1
15 7 1 672 1
15 7 0 672 1
58 30 1 673 1
58 30 0 673 1
82 79 1 674 1
82 79 0 674 1
18 4 1 674 1
18 4 0 674 1
81 3 1 674 1
81 3 0 674 1
58 6 1 674 1
58 6 0 674 1
76 29 1 675 1
76 29 0 675 1
17 32 1 675 1
17 32 0 675 1
67 4 1 675 1
67 4 0 675 1
58 6 1 675 1
58 6 0 675 1
82 79 1 676 1
82 79 0 676 1
35 74 1 677 1
35 74 0 677 1
33 28 1 677 1
33 28 0 677 1
62 2 1 678 1
62 2 0 678 1
35 161 1 679 0
28 10 1 680 1
28 10 0 680 1
5 109 1 680 1
5 109 0 680 1
36 4 1 680 1
36 4 0 680 1
3 6 1 680 1
3 6 0 680 1
92 35 1 680 1
92 35 0 680 1
51 45 1 680 1
51 45 0 680 1
36 6 1 680 1
36 6 0 680 1
56 50 1 683 1
56 50 0 683 1
48 1 1 683 1
48 1 0 683 1
71 49 1 683 1
71 49 0 683 1
1 167 0 683 1
2 60 1 684 1
2 60 0 684 1
27 41 1 684 1
27 41 0 684 1
31 20 1 684 1
31 20 0 684 1
3 1 1 684 1
3 1 0 684 1
91 29 1 685 1
91 29 0 685 1
8 82 1 685 1
8 82 0 685 1
20 4 1 685 1
20 4 0 685 1
39 51 1 685 1
39 51 0 685 1
64 4 1 685 1
64 4 0 685 1
79 43 1 685 1
79 43 0 685 1
68 6 1 685 1
68 6 0 685 1
73 163 1 685 0
38 87 1 685 1
38 87 0 685 1
36 6 1 685 1
36 6 0 685 1
1 39 1 685 1
1 39 0 685 1
91 4 1 685 1
91 4 0 685 1
8 66 1 685 1
8 66 0 685 1
20 6 1 685 1
20 6 0 685 1
64 6 1 685 1
64 6 0 685 1
83 48 1 686 1
83 48 0 686 1
80 24 1 686 1
80 24 0 686 1
87 29 1 686 1
87 29 0 686 1
49 51 1 686 1
49 51 0 686 1
62 63 1 686 1
62 63 0 686 1
56 50 1 686 1
56 50 0 686 1
81 4 1 687 1
81 4 0 687 1
92 35 1 687 1
92 35 0 687 1
31 20 1 687 1
31 20 0 687 1
80 24 1 687 1
80 24 0 687 1
60 16 1 688 1
60 16 0 688 1
10 1 1 688 1
10 1 0 688 1
67 79 1 688 1
67 79 0 688 1
39 51 1 688 1
39 51 0 688 1
8 66 1 688 1
8 66 0 688 1
62 63 1 688 1
62 63 0 688 1
85 37 1 689 1
85 37 0 689 1
2 60 1 689 1
2 60 0 689 1
68 1 1 689 1
68 1 0 689 1
76 29 1 690 1
76 29 0 690 1
82 6 1 690 1
82 6 0 690 1
79 43 1 690 1
79 43 0 690 1
91 4 1 690 1
91 4 0 690 1
20 6 1 690 1
20 6 0 690 1
83 4 1 690 1
83 4 0 690 1
49 51 1 690 1
49 51 0 690 1
81 4 1 690 1
81 4 0 690 1
85 38 1 690 1
85 38 0 690 1
87 29 1 691 1
87 29 0 691 1
15 4 1 693 1
15 4 0 693 1
28 10 1 693 1
28 10 0 693 1
37 161 0 693 1
15 6 1 693 1
15 6 0 693 1
89 61 1 694 1
89 61 0 694 1
22 76 1 694 1
22 76 0 694 1
18 6 1 694 1
18 6 0 694 1
18 29 1 694 1
18 29 0 694 1
85 38 1 695 1
85 38 0 695 1
37 74 1 695 1
37 74 0 695 1
25 32 1 696 1
25 32 0 696 1
5 163 1 696 0
62 2 1 696 1
62 2 0 696 1
25 32 1 697 1
25 32 0 697 1
55 28 1 698 1
55 28 0 698 1
11 69 1 698 1
11 69 0 698 1
72 30 1 698 1
72 30 0 698 1
67 2 1 698 1
67 2 0 698 1
15 6 1 698 1
15 6 0 698 1
65 5 1 699 1
65 5 0 699 1
64 3 1 699 1
64 3 0 699 1
72 4 1 699 1
72 4 0 699 1
21 82 1 700 1
21 82 0 700 1
50 4 1 700 1
50 4 0 700 1
51 29 1 700 1
51 29 0 700 1
38 87 1 700 1
38 87 0 700 1
60 42 1 700 1
60 42 0 700 1
72 4 1 700 1
72 4 0 700 1
21 66 1 700 1
21 66 0 700 1
1 142 1 701 1
1 142 0 701 1
89 69 1 701 1
89 69 0 701 1
51 6 1 701 1
51 6 0 701 1
58 91 1 702 1
58 91 0 702 1
82 168 1 702 0
55 52 1 702 1
55 52 0 702 1
58 58 1 702 1
58 58 0 702 1
3 1 1 704 1
3 1 0 704 1
31 21 1 704 1
31 21 0 704 1
18 29 1 704 1
18 29 0 704 1
65 5 1 704 1
65 5 0 704 1
64 3 1 704 1
64 3 0 704 1
21 66 1 704 1
21 66 0 704 1
31 111 1 704 1
31 111 0 704 1
83 12 1 705 1
83 12 0 705 1
50 4 1 705 1
50 4 0 705 1
51 6 1 705 1
51 6 0 705 1
22 76 1 706 1
22 76 0 706 1
11 78 1 706 1
11 78 0 706 1
55 52 1 707 1
55 52 0 707 1
58 58 1 707 1
58 58 0 707 1
90 19 1 708 1
90 19 0 708 1
20 100 1 709 1
20 100 0 709 1
81 6 1 710 1
81 6 0 710 1
60 42 1 710 1
60 42 0 710 1
20 7 1 710 1
20 7 0 710 1
81 29 1 710 1
81 29 0 710 1
74 16 1 711 1
74 16 0 711 1
36 75 1 711 1
36 75 0 711 1
79 32 1 711 1
79 32 0 711 1
49 56 1 711 1
49 56 0 711 1
74 33 1 712 1
74 33 0 712 1
72 79 1 713 1
72 79 0 713 1
31 111 1 713 1
31 111 0 713 1
74 33 1 713 1
74 33 0 713 1
94 0 1 714 1
94 0 0 714 1
33 27 1 714 1
33 27 0 714 1
36 75 1 714 1
36 75 0 714 1
92 6 1 715 1
92 6 0 715 1
80 4 1 715 1
80 4 0 715 1
38 87 1 715 1
38 87 0 715 1
83 25 1 715 1
83 25 0 715 1
72 79 1 715 1
72 79 0 715 1
23 9 1 716 1
23 9 0 716 1
17 82 1 716 1
17 82 0 716 1
48 31 1 716 1
48 31 0 716 1
15 90 1 716 1
15 90 0 716 1
66 1 1 717 1
66 1 0 717 1
91 26 1 717 1
91 26 0 717 1
64 4 1 717 1
64 4 0 717 1
79 32 1 717 1
79 32 0 717 1
91 113 1 717 1
91 113 0 717 1
1 167 1 718 0
23 9 1 718 1
23 9 0 718 1
17 49 1 718 1
17 49 0 718 1
66 9 1 718 1
66 9 0 718 1
91 113 1 718 1
91 113 0 718 1
87 30 1 719 1
87 30 0 719 1
10 47 1 720 1
10 47 0 720 1
80 4 1 720 1
80 4 0 720 1
64 4 1 720 1
64 4 0 720 1
87 4 1 720 1
87 4 0 720 1
10 47 1 721 1
10 47 0 721 1
87 4 1 721 1
87 4 0 721 1
68 31 1 722 1
68 31 0 722 1
71 59 1 723 1
71 59 0 723 1
70 168 0 723 1
5 163 0 723 1
28 22 1 724 1
28 22 0 724 1
71 32 1 724 1
71 32 0 724 1
25 82 1 725 1
25 82 0 725 1
92 67 1 725 1
92 67 0 725 1
28 22 1 725 1
28 22 0 725 1
18 4 1 726 1
18 4 0 726 1
12 168 0 726 1
51 58 1 727 1
51 58 0 727 1
39 52 1 728 1
39 52 0 728 1
15 1 1 728 1
15 1 0 728 1
25 28 1 728 1
25 28 0 728 1
49 56 1 729 1
49 56 0 729 1
72 6 1 729 1
72 6 0 729 1
67 2 1 730 1
67 2 0 730 1
58 4 1 730 1
58 4 0 730 1
60 29 1 730 1
60 29 0 730 1
31 20 1 730 1
31 20 0 730 1
38 87 1 730 1
38 87 0 730 1
72 6 1 730 1
72 6 0 730 1
31 165 1 730 0
8 19 1 731 1
8 19 0 731 1
18 9 1 731 1
18 9 0 731 1
58 29 1 731 1
58 29 0 731 1
8 73 1 731 1
8 73 0 731 1
51 58 1 732 1
51 58 0 732 1
18 9 1 732 1
18 9 0 732 1
62 2 1 734 1
62 2 0 734 1
50 6 1 734 1
50 6 0 734 1
87 79 1 734 1
87 79 0 734 1
60 9 1 734 1
60 9 0 734 1
27 29 1 735 1
27 29 0 735 1
37 2 1 735 1
37 2 0 735 1
70 6 1 735 1
70 6 0 735 1
5 6 1 735 1
5 6 0 735 1
58 29 1 735 1
58 29 0 735 1
89 70 1 736 1
89 70 0 736 1
39 78 1 736 1
39 78 0 736 1
87 79 1 736 1
87 79 0 736 1
90 52 1 737 1
90 52 0 737 1
25 28 1 737 1
25 28 0 737 1
10 57 1 738 1
10 57 0 738 1
12 33 1 738 1
12 33 0 738 1
15 1 1 738 1
15 1 0 738 1
50 25 1 738 1
50 25 0 738 1
27 1 1 739 1
27 1 0 739 1
10 23 1 739 1
10 23 0 739 1
56 6 1 740 1
56 6 0 740 1
85 31 1 740 1
85 31 0 740 1
36 4 1 740 1
36 4 0 740 1
80 35 1 740 1
80 35 0 740 1
64 35 1 740 1
64 35 0 740 1
14 163 0 740 1
85 0 1 740 1
85 0 0 740 1
28 31 1 742 1
28 31 0 742 1
17 49 1 743 1
17 49 0 743 1
7 60 1 744 1
7 60 0 744 1
76 46 1 744 1
76 46 0 744 1
65 6 1 744 1
65 6 0 744 1
55 51 1 745 1
55 51 0 745 1
79 43 1 745 1
79 43 0 745 1
91 6 1 745 1
91 6 0 745 1
92 6 1 745 1
92 6 0 745 1
38 87 1 745 1
38 87 0 745 1
50 25 1 745 1
50 25 0 745 1
56 6 1 745 1
56 6 0 745 1
36 4 1 745 1
36 4 0 745 1
76 46 1 745 1
76 46 0 745 1
91 29 1 745 1
91 29 0 745 1
49 51 1 746 1
49 51 0 746 1
83 26 1 747 1
83 26 0 747 1
80 35 1 747 1
80 35 0 747 1
64 35 1 747 1
64 35 0 747 1
83 113 1 747 1
83 113 0 747 1
31 165 0 747 1
31 20 1 747 1
31 20 0 747 1
11 72 1 748 1
11 72 0 748 1
94 1 1 748 1
94 1 0 748 1
60 9 1 748 1
60 9 0 748 1
49 51 1 748 1
49 51 0 748 1
83 113 1 748 1
83 113 0 748 1
11 85 1 748 1
11 85 0 748 1
72 45 1 749 1
72 45 0 749 1
89 69 1 749 1
89 69 0 749 1
7 60 1 749 1
7 60 0 749 1
92 33 1 749 1
92 33 0 749 1
91 33 1 749 1
91 33 0 749 1
37 4 1 750 1
37 4 0 750 1
87 6 1 750 1
87 6 0 750 1
55 51 1 750 1
55 51 0 750 1
79 43 1 750 1
79 43 0 750 1
74 76 1 751 1
74 76 0 751 1
87 4 1 751 1
87 4 0 751 1
39 78 1 753 1
39 78 0 753 1
92 33 1 753 1
92 33 0 753 1
13 166 0 753 1
20 7 1 754 1
20 7 0 754 1
70 42 1 754 1
70 42 0 754 1
27 1 1 754 1
27 1 0 754 1
10 23 1 754 1
10 23 0 754 1
14 109 1 755 1
14 109 0 755 1
85 0 1 755 1
85 0 0 755 1
62 2 1 756 1
62 2 0 756 1
21 1 1 757 1
21 1 0 757 1
22 6 1 757 1
22 6 0 757 1
33 28 1 758 1
33 28 0 758 1
71 32 1 758 1
71 32 0 758 1
67 2 1 758 1
67 2 0 758 1
65 3 1 758 1
65 3 0 758 1
21 9 1 758 1
21 9 0 758 1
3 82 1 760 1
3 82 0 760 1
51 4 1 760 1
51 4 0 760 1
12 34 1 760 1
12 34 0 760 1
38 87 1 760 1
38 87 0 760 1
94 90 1 760 1
94 90 0 760 1
3 66 1 760 1
3 66 0 760 1
12 54 1 760 1
12 54 0 760 1
48 10 1 761 1
48 10 0 761 1
89 69 1 761 1
89 69 0 761 1
13 73 1 761 1
13 73 0 761 1
22 16 1 761 1
22 16 0 761 1
2 61 1 762 1
2 61 0 762 1
66 139 1 762 1
66 139 0 762 1
5 91 1 762 1
5 91 0 762 1
22 9 1 762 1
22 9 0 762 1
5 58 1 762 1
5 58 0 762 1
58 30 1 763 1
58 30 0 763 1
65 3 1 763 1
65 3 0 763 1
2 78 1 763 1
2 78 0 763 1
66 115 1 763 1
66 115 0 763 1
81 46 1 764 1
81 46 0 764 1
31 21 1 764 1
31 21 0 764 1
21 9 1 764 1
21 9 0 764 1
3 66 1 764 1
3 66 0 764 1
58 6 1 764 1
58 6 0 764 1
66 115 1 764 1
66 115 0 764 1
31 111 1 764 1
31 111 0 764 1
36 6 1 765 1
36 6 0 765 1
72 45 1 765 1
72 45 0 765 1
51 4 1 765 1
51 4 0 765 1
58 6 1 765 1
58 6 0 765 1
22 9 1 766 1
22 9 0 766 1
68 10 1 767 1
68 10 0 767 1
90 52 1 767 1
90 52 0 767 1
74 76 1 767 1
74 76 0 767 1
5 58 1 767 1
5 58 0 767 1
23 19 1 768 1
23 19 0 768 1
36 1 1 769 1
36 1 0 769 1
37 6 1 770 1
37 6 0 770 1
70 42 1 770 1
70 42 0 770 1
56 24 1 771 1
56 24 0 771 1
55 56 1 771 1
55 56 0 771 1
10 47 1 772 1
10 47 0 772 1
56 24 1 772 1
56 24 0 772 1
79 32 1 773 1
79 32 0 773 1
94 90 1 773 1
94 90 0 773 1
10 47 1 773 1
10 47 0 773 1
25 27 1 774 1
25 27 0 774 1
37 88 1 774 1
37 88 0 774 1
28 1 1 775 1
28 1 0 775 1
80 6 1 775 1
80 6 0 775 1
64 6 1 775 1
64 6 0 775 1
20 4 1 775 1
20 4 0 775 1
38 87 1 775 1
38 87 0 775 1
12 54 1 775 1
12 54 0 775 1
37 88 1 775 1
37 88 0 775 1
80 29 1 775 1
80 29 0 775 1
64 29 1 775 1
64 29 0 775 1
8 9 1 776 1
8 9 0 776 1
65 4 1 776 1
65 4 0 776 1
33 128 1 777 1
33 128 0 777 1
8 88 1 777 1
8 88 0 777 1
1 167 0 778 1
83 16 1 779 1
83 16 0 779 1
65 4 1 779 1
65 4 0 779 1
33 128 1 779 1
33 128 0 779 1
83 1 1 779 1
83 1 0 779 1
87 6 1 780 1
87 6 0 780 1
36 1 1 780 1
36 1 0 780 1
20 4 1 780 1
20 4 0 780 1
80 29 1 780 1
80 29 0 780 1
64 29 1 780 1
64 29 0 780 1
1 39 1 780 1
1 39 0 780 1
87 29 1 780 1
87 29 0 780 1
79 32 1 781 1
79 32 0 781 1
87 29 1 781 1
87 29 0 781 1
18 19 1 782 1
18 19 0 782 1
17 59 1 783 1
17 59 0 783 1
81 5 1 784 1
81 5 0 784 1
17 32 1 784 1
17 32 0 784 1
72 29 1 785 1
72 29 0 785 1
81 5 1 785 1
81 5 0 785 1
29 162 0 785 1
2 78 1 786 1
2 78 0 786 1
21 47 1 786 1
21 47 0 786 1
58 58 1 787 1
58 58 0 787 1
28 168 1 787 0
49 52 1 788 1
49 52 0 788 1
62 2 1 788 1
62 2 0 788 1
48 10 1 788 1
48 10 0 788 1
55 56 1 789 1
55 56 0 789 1
50 15 1 790 1
50 15 0 790 1
5 4 1 790 1
5 4 0 790 1
70 29 1 790 1
70 29 0 790 1
38 87 1 790 1
38 87 0 790 1
18 47 1 790 1
18 47 0 790 1
72 29 1 790 1
72 29 0 790 1
14 0 1 791 1
14 0 0 791 1
23 9 1 791 1
23 9 0 791 1
94 19 1 791 1
94 19 0 791 1
29 66 1 791 1
29 66 0 791 1
5 29 1 791 1
5 29 0 791 1
70 6 1 791 1
70 6 0 791 1
32 166 0 791 1
94 73 1 791 1
94 73 0 791 1
11 61 1 792 1
11 61 0 792 1
67 74 1 792 1
67 74 0 792 1
31 111 1 792 1
31 111 0 792 1
58 58 1 792 1
58 58 0 792 1
49 49 1 792 1
49 49 0 792 1
15 10 1 793 1
15 10 0 793 1
73 163 0 793 1
15 96 1 793 1
15 96 0 793 1
51 6 1 794 1
51 6 0 794 1
21 73 1 794 1
21 73 0 794 1
67 161 1 794 0
50 15 1 795 1
50 15 0 795 1
5 29 1 795 1
5 29 0 795 1
70 6 1 795 1
70 6 0 795 1
51 6 1 795 1
51 6 0 795 1
16 163 0 795 1
9 168 0 796 1
92 106 1 796 1
92 106 0 796 1
89 70 1 796 1
89 70 0 796 1
12 33 1 797 1
12 33 0 797 1
60 57 1 798 1
60 57 0 798 1
15 96 1 798 1
15 96 0 798 1
89 104 1 798 1
89 104 0 798 1
12 33 1 798 1
12 33 0 798 1
26 163 0 798 1
60 1 1 798 1
60 1 0 798 1
71 82 1 799 1
71 82 0 799 1
65 6 1 799 1
65 6 0 799 1
71 66 1 799 1
71 66 0 799 1
56 4 1 800 1
56 4 0 800 1
20 6 1 800 1
20 6 0 800 1
23 9 1 800 1
23 9 0 800 1
19 162 0 800 1
56 6 1 800 1
56 6 0 800 1
20 29 1 800 1
20 29 0 800 1
38 168 1 801 0
6 160 0 801 1
80 4 1 802 1
80 4 0 802 1
64 4 1 802 1
64 4 0 802 1
11 49 1 802 1
11 49 0 802 1
83 1 1 803 1
83 1 0 803 1
11 49 1 803 1
11 49 0 803 1
52 163 0 803 1
22 116 1 804 1
22 116 0 804 1
31 20 1 804 1
31 20 0 804 1
89 104 1 804 1
89 104 0 804 1
65 6 1 804 1
65 6 0 804 1
53 163 0 804 1
76 29 1 805 1
76 29 0 805 1
13 82 1 805 1
13 82 0 805 1
90 51 1 805 1
90 51 0 805 1
74 16 1 805 1
74 16 0 805 1
8 88 1 805 1
8 88 0 805 1
1 40 1 805 1
1 40 0 805 1
79 43 1 805 1
79 43 0 805 1
73 25 1 805 1
73 25 0 805 1
56 6 1 805 1
56 6 0 805 1
6 46 1 805 1
6 46 0 805 1
41 166 0 805 1
35 161 0 805 1
13 66 1 805 1
13 66 0 805 1
74 1 1 805 1
74 1 0 805 1
1 102 1 805 1
1 102 0 805 1
10 48 1 806 1
10 48 0 806 1
55 51 1 806 1
55 51 0 806 1
92 138 1 806 1
92 138 0 806 1
76 6 1 806 1
76 6 0 806 1
16 6 1 807 1
16 6 0 807 1
31 20 1 807 1
31 20 0 807 1
10 33 1 807 1
10 33 0 807 1
91 74 1 808 1
91 74 0 808 1
39 72 1 808 1
39 72 0 808 1
66 9 1 808 1
66 9 0 808 1
62 168 1 808 0
9 9 1 808 1
9 9 0 808 1
60 1 1 808 1
60 1 0 808 1
19 71 1 808 1
19 71 0 808 1
90 51 1 808 1
90 51 0 808 1
13 66 1 808 1
13 66 0 808 1
74 1 1 808 1
74 1 0 808 1
39 85 1 808 1
39 85 0 808 1
85 37 1 809 1
85 37 0 809 1
87 30 1 809 1
87 30 0 809 1
27 82 1 810 1
27 82 0 810 1
33 50 1 810 1
33 50 0 810 1
32 29 1 810 1
32 29 0 810 1
26 33 1 810 1
26 33 0 810 1
71 66 1 810 1
71 66 0 810 1
20 29 1 810 1
20 29 0 810 1
80 4 1 810 1
80 4 0 810 1
79 43 1 810 1
79 43 0 810 1
55 51 1 810 1
55 51 0 810 1
76 6 1 810 1
76 6 0 810 1
10 33 1 810 1
10 33 0 810 1
87 29 1 810 1
87 29 0 810 1
59 160 0 810 1
17 32 1 811 1
17 32 0 811 1
87 29 1 811 1
87 29 0 811 1
85 169 1 812 0
22 116 1 813 1
22 116 0 813 1
1 102 1 813 1
1 102 0 813 1
54 163 0 813 1
67 161 0 813 1
70 42 1 814 1
70 42 0 814 1
64 168 1 814 0
53 50 1 814 1
53 50 0 814 1
41 23 1 814 1
41 23 0 814 1
27 52 1 814 1
27 52 0 814 1
59 133 1 814 1
59 133 0 814 1
52 33 1 815 1
52 33 0 815 1
67 74 1 815 1
67 74 0 815 1
4 161 0 815 1
18 47 1 816 1
18 47 0 816 1
49 32 1 816 1
49 32 0 816 1
7 61 1 817 1
7 61 0 817 1
3 1 1 817 1
3 1 0 817 1
68 168 1 817 0
27 52 1 817 1
27 52 0 817 1
49 32 1 817 1
49 32 0 817 1
25 28 1 818 1
25 28 0 818 1
72 30 1 818 1
72 30 0 818 1
65 3 1 818 1
65 3 0 818 1
7 78 1 818 1
7 78 0 818 1
72 4 1 819 1
72 4 0 819 1
37 5 1 820 1
37 5 0 820 1
58 4 1 820 1
58 4 0 820 1
12 34 1 820 1
12 34 0 820 1
66 168 1 820 0
33 1 1 820 1
33 1 0 820 1
72 4 1 820 1
72 4 0 820 1
12 54 1 820 1
12 54 0 820 1
21 73 1 821 1
21 73 0 821 1
14 0 1 822 1
14 0 0 822 1
51 91 1 822 1
51 91 0 822 1
3 87 1 822 1
3 87 0 822 1
51 58 1 822 1
51 58 0 822 1
5 30 1 823 1
5 30 0 823 1
25 83 1 823 1
25 83 0 823 1
31 21 1 824 1
31 21 0 824 1
33 1 1 824 1
33 1 0 824 1
5 6 1 824 1
5 6 0 824 1
40 160 0 824 1
31 111 1 824 1
31 111 0 824 1
56 4 1 825 1
56 4 0 825 1
35 17 1 825 1
35 17 0 825 1
54 6 1 825 1
54 6 0 825 1
3 87 1 825 1
3 87 0 825 1
25 83 1 825 1
25 83 0 825 1
5 6 1 825 1
5 6 0 825 1
65 168 1 827 0
51 58 1 827 1
51 58 0 827 1
23 0 1 828 1
23 0 0 828 1
4 101 1 828 1
4 101 0 828 1
30 163 0 828 1
81 16 1 829 1
81 16 0 829 1
76 100 1 829 1
76 100 0 829 1
92 17 1 830 1
92 17 0 830 1
71 99 1 830 1
71 99 0 830 1
80 35 1 830 1
80 35 0 830 1
70 42 1 830 1
70 42 0 830 1
76 7 1 830 1
76 7 0 830 1
79 32 1 831 1
79 32 0 831 1
55 56 1 831 1
55 56 0 831 1
20 4 1 832 1
20 4 0 832 1
25 71 1 832 1
25 71 0 832 1
91 113 1 833 1
91 113 0 833 1
59 81 1 833 1
59 81 0 833 1
72 77 1 833 1
72 77 0 833 1
48 0 1 834 1
48 0 0 834 1
39 71 1 834 1
39 71 0 834 1
36 10 1 835 1
36 10 0 835 1
50 6 1 835 1
50 6 0 835 1
12 54 1 835 1
12 54 0 835 1
36 96 1 835 1
36 96 0 835 1
94 9 1 836 1
94 9 0 836 1
83 31 1 836 1
83 31 0 836 1
56 168 1 837 0
80 35 1 837 1
80 35 0 837 1
79 32 1 837 1
79 32 0 837 1
20 1 1 837 1
20 1 0 837 1
36 96 1 837 1
36 96 0 837 1
74 47 1 838 1
74 47 0 838 1
1 39 1 838 1
1 39 0 838 1
39 71 1 838 1
39 71 0 838 1
94 9 1 838 1
94 9 0 838 1
87 30 1 839 1
87 30 0 839 1
21 100 1 839 1
21 100 0 839 1
50 87 1 839 1
50 87 0 839 1
60 47 1 840 1
60 47 0 840 1
37 161 1 840 0
58 4 1 840 1
58 4 0 840 1
3 87 1 840 1
3 87 0 840 1
30 4 1 840 1
30 4 0 840 1
25 162 1 840 0
1 39 1 840 1
1 39 0 840 1
87 4 1 840 1
87 4 0 840 1
21 7 1 840 1
21 7 0 840 1
50 87 1 840 1
50 87 0 840 1
60 151 1 840 1
60 151 0 840 1
60 47 1 840 1
60 47 0 840 1
52 146 1 841 1
52 146 0 841 1
81 168 1 841 0
20 1 1 841 1
20 1 0 841 1
87 4 1 841 1
87 4 0 841 1
89 69 1 842 1
89 69 0 842 1
72 168 1 842 0
52 130 1 842 1
52 130 0 842 1
11 59 1 843 1
11 59 0 843 1
5 45 1 844 1
5 45 0 844 1
76 7 1 844 1
76 7 0 844 1
59 81 1 844 1
59 81 0 844 1
11 32 1 844 1
11 32 0 844 1
85 169 0 844 1
49 82 1 845 1
49 82 0 845 1
89 66 1 845 1
89 66 0 845 1
18 48 1 846 1
18 48 0 846 1
7 78 1 846 1
7 78 0 846 1
29 1 1 847 1
29 1 0 847 1
54 58 1 847 1
54 58 0 847 1
91 113 1 847 1
91 113 0 847 1
49 49 1 847 1
49 49 0 847 1
18 33 1 847 1
18 33 0 847 1
90 52 1 848 1
90 52 0 848 1
26 76 1 848 1
26 76 0 848 1
40 10 1 848 1
40 10 0 848 1
35 76 1 849 1
35 76 0 849 1
55 56 1 849 1
55 56 0 849 1
60 23 1 849 1
60 23 0 849 1
60 57 1 849 1
60 57 0 849 1
60 1 1 849 1
60 1 0 849 1
2 60 1 850 1
2 60 0 850 1
8 5 1 850 1
8 5 0 850 1
73 15 1 850 1
73 15 0 850 1
10 106 1 850 1
10 106 0 850 1
51 4 1 850 1
51 4 0 850 1
70 29 1 850 1
70 29 0 850 1
35 76 1 850 1
35 76 0 850 1
38 168 0 850 1
51 6 1 850 1
51 6 0 850 1
13 19 1 851 1
13 19 0 851 1
3 168 1 851 0
90 66 1 851 1
90 66 0 851 1
57 163 0 851 1
13 73 1 851 1
13 73 0 851 1
17 82 1 852 1
17 82 0 852 1
31 111 1 852 1
31 111 0 852 1
29 6 1 852 1
29 6 0 852 1
54 58 1 852 1
54 58 0 852 1
15 1 1 853 1
15 1 0 853 1
15 33 1 853 1
15 33 0 853 1
22 9 1 854 1
22 9 0 854 1
71 6 1 854 1
71 6 0 854 1
87 79 1 854 1
87 79 0 854 1
52 130 1 854 1
52 130 0 854 1
18 33 1 854 1
18 33 0 854 1
70 33 1 854 1
70 33 0 854 1
67 2 1 855 1
67 2 0 855 1
27 51 1 855 1
27 51 0 855 1
50 87 1 855 1
50 87 0 855 1
59 15 1 855 1
59 15 0 855 1
8 5 1 855 1
8 5 0 855 1
73 15 1 855 1
73 15 0 855 1
51 6 1 855 1
51 6 0 855 1
17 28 1 855 1
17 28 0 855 1
71 6 1 855 1
71 6 0 855 1
27 20 1 855 1
27 20 0 855 1
12 33 1 857 1
12 33 0 857 1
17 28 1 857 1
17 28 0 857 1
9 57 1 858 1
9 57 0 858 1
26 101 1 858 1
26 101 0 858 1
70 33 1 858 1
70 33 0 858 1
67 2 1 858 1
67 2 0 858 1
12 25 1 858 1
12 25 0 858 1
66 168 0 858 1
12 88 1 858 1
12 88 0 858 1
9 23 1 859 1
9 23 0 859 1
14 109 1 860 1
14 109 0 860 1
30 35 1 860 1
30 35 0 860 1
5 45 1 860 1
5 45 0 860 1
38 14 1 860 1
38 14 0 860 1
74 168 1 861 0
57 1 1 863 1
57 1 0 863 1
87 168 1 863 0
19 60 1 864 1
19 60 0 864 1
32 46 1 864 1
32 46 0 864 1
31 20 1 864 1
31 20 0 864 1
6 29 1 865 1
6 29 0 865 1
80 6 1 865 1
80 6 0 865 1
79 43 1 865 1
79 43 0 865 1
1 40 1 865 1
1 40 0 865 1
76 4 1 865 1
76 4 0 865 1
49 49 1 865 1
49 49 0 865 1
32 46 1 865 1
32 46 0 865 1
79 51 1 865 1
79 51 0 865 1
1 102 1 865 1
1 102 0 865 1
41 9 1 866 1
41 9 0 866 1
55 51 1 866 1
55 51 0 866 1
15 33 1 866 1
15 33 0 866 1
67 63 1 866 1
67 63 0 866 1
58 26 1 867 1
58 26 0 867 1
10 35 1 867 1
10 35 0 867 1
31 20 1 867 1
31 20 0 867 1
53 6 1 868 1
53 6 0 868 1
4 16 1 868 1
4 16 0 868 1
48 1 1 868 1
48 1 0 868 1
39 72 1 868 1
39 72 0 868 1
11 32 1 868 1
11 32 0 868 1
41 9 1 868 1
41 9 0 868 1
55 51 1 868 1
55 51 0 868 1
67 63 1 868 1
67 63 0 868 1
53 29 1 868 1
53 29 0 868 1
4 1 1 868 1
4 1 0 868 1
39 85 1 868 1
39 85 0 868 1
2 60 1 869 1
2 60 0 869 1
95 165 0 870 1
16 50 1 870 1
16 50 0 870 1
29 6 1 870 1
29 6 0 870 1
50 87 1 870 1
50 87 0 870 1
66 4 1 870 1
66 4 0 870 1
6 29 1 870 1
6 29 0 870 1
80 6 1 870 1
80 6 0 870 1
76 4 1 870 1
76 4 0 870 1
79 51 1 870 1
79 51 0 870 1
53 29 1 870 1
53 29 0 870 1
95 43 1 870 1
95 43 0 870 1
27 21 1 872 1
27 21 0 872 1
27 111 1 872 1
27 111 0 872 1
1 102 1 873 1
1 102 0 873 1
75 166 0 873 1
21 7 1 874 1
21 7 0 874 1
91 6 1 874 1
91 6 0 874 1
71 42 1 874 1
71 42 0 874 1
9 23 1 874 1
9 23 0 874 1
58 2 1 874 1
58 2 0 874 1
48 3 1 874 1
48 3 0 874 1
14 109 1 875 1
14 109 0 875 1
23 92 1 876 1
23 92 0 876 1
67 2 1 876 1
67 2 0 876 1
4 77 1 878 1
4 77 0 878 1
58 2 1 878 1
58 2 0 878 1
67 2 1 878 1
67 2 0 878 1
33 82 1 880 1
33 82 0 880 1
20 121 1 880 1
20 121 0 880 1
85 0 1 880 1
85 0 0 880 1
54 4 1 880 1
54 4 0 880 1
70 34 1 880 1
70 34 0 880 1
30 4 1 880 1
30 4 0 880 1
5 29 1 880 1
5 29 0 880 1
4 77 1 880 1
4 77 0 880 1
54 6 1 880 1
54 6 0 880 1
70 54 1 880 1
70 54 0 880 1
92 17 1 881 1
92 17 0 881 1
83 10 1 881 1
83 10 0 881 1
52 16 1 881 1
52 16 0 881 1
27 111 1 881 1
27 111 0 881 1
75 73 1 881 1
75 73 0 881 1
5 6 1 881 1
5 6 0 881 1
52 1 1 881 1
52 1 0 881 1
51 91 1 882 1
51 91 0 882 1
51 58 1 882 1
51 58 0 882 1
18 118 1 884 1
18 118 0 884 1
31 21 1 884 1
31 21 0 884 1
48 3 1 884 1
48 3 0 884 1
33 52 1 884 1
33 52 0 884 1
31 111 1 884 1
31 111 0 884 1
26 101 1 885 1
26 101 0 885 1
16 50 1 885 1
16 50 0 885 1
50 87 1 885 1
50 87 0 885 1
30 4 1 885 1
30 4 0 885 1
54 6 1 885 1
54 6 0 885 1
5 6 1 885 1
5 6 0 885 1
18 44 1 885 1
18 44 0 885 1
59 133 1 886 1
59 133 0 886 1
51 58 1 887 1
51 58 0 887 1
33 52 1 887 1
33 52 0 887 1
94 19 1 888 1
94 19 0 888 1
35 16 1 888 1
35 16 0 888 1
15 34 1 888 1
15 34 0 888 1
29 90 1 888 1
29 90 0 888 1
91 3 1 888 1
91 3 0 888 1
94 73 1 888 1
94 73 0 888 1
38 64 1 889 1
38 64 0 889 1
35 33 1 889 1
35 33 0 889 1
66 35 1 890 1
66 35 0 890 1
71 42 1 890 1
71 42 0 890 1
92 122 1 890 1
92 122 0 890 1
59 160 1 890 0
38 13 1 890 1
38 13 0 890 1
79 56 1 891 1
79 56 0 891 1
20 78 1 891 1
20 78 0 891 1
6 4 1 892 1
6 4 0 892 1
95 32 1 893 1
95 32 0 893 1
31 111 1 893 1
31 111 0 893 1
29 90 1 893 1
29 90 0 893 1
6 29 1 893 1
6 29 0 893 1
40 0 1 894 1
40 0 0 894 1
17 27 1 894 1
17 27 0 894 1
39 71 1 894 1
39 71 0 894 1
4 6 1 894 1
4 6 0 894 1
18 44 1 894 1
18 44 0 894 1
91 33 1 894 1
91 33 0 894 1
65 168 0 894 1
36 1 1 895 1
36 1 0 895 1
73 6 1 895 1
73 6 0 895 1
10 6 1 895 1
10 6 0 895 1
21 4 1 895 1
21 4 0 895 1
70 54 1 895 1
70 54 0 895 1
35 33 1 895 1
35 33 0 895 1
4 6 1 895 1
4 6 0 895 1
13 9 1 896 1
13 9 0 896 1
57 31 1 896 1
57 31 0 896 1
80 75 1 896 1
80 75 0 896 1
48 4 1 897 1
48 4 0 897 1
66 35 1 897 1
66 35 0 897 1
48 6 1 897 1
48 6 0 897 1
1 39 1 898 1
1 39 0 898 1
27 20 1 898 1
27 20 0 898 1
39 71 1 898 1
39 71 0 898 1
8 16 1 899 1
8 16 0 899 1
10 1 1 899 1
10 1 0 899 1
80 75 1 899 1
80 75 0 899 1
1 167 1 899 0
52 1 1 900 1
52 1 0 900 1
50 87 1 900 1
50 87 0 900 1
6 29 1 900 1
6 29 0 900 1
73 6 1 900 1
73 6 0 900 1
21 4 1 900 1
21 4 0 900 1
13 4 1 900 1
13 4 0 900 1
8 25 1 900 1
8 25 0 900 1
10 1 1 900 1
10 1 0 900 1
89 1 1 901 1
89 1 0 901 1
95 32 1 901 1
95 32 0 901 1
45 168 0 902 1
77 168 0 903 1
12 5 1 903 1
12 5 0 903 1
86 164 0 903 1
22 19 1 904 1
22 19 0 904 1
11 28 1 904 1
11 28 0 904 1
20 78 1 904 1
20 78 0 904 1
60 82 1 905 1
60 82 0 905 1
49 59 1 905 1
49 59 0 905 1
60 66 1 905 1
60 66 0 905 1
49 32 1 906 1
49 32 0 906 1
60 66 1 906 1
60 66 0 906 1
25 162 0 906 1
90 1 1 907 1
90 1 0 907 1
54 58 1 907 1
54 58 0 907 1
55 52 1 908 1
55 52 0 908 1
83 10 1 908 1
83 10 0 908 1
15 168 1 908 0
65 128 1 908 1
65 128 0 908 1
79 56 1 909 1
79 56 0 909 1
76 15 1 910 1
76 15 0 910 1
67 2 1 910 1
67 2 0 910 1
51 4 1 910 1
51 4 0 910 1
71 29 1 910 1
71 29 0 910 1
31 20 1 910 1
31 20 0 910 1
31 165 1 910 0
14 0 1 911 1
14 0 0 911 1
94 73 1 911 1
94 73 0 911 1
29 19 1 911 1
29 19 0 911 1
12 15 1 911 1
12 15 0 911 1
22 23 1 911 1
22 23 0 911 1
28 168 0 911 1
22 57 1 911 1
22 57 0 911 1
22 1 1 911 1
22 1 0 911 1
22 48 1 911 1
22 48 0 911 1
25 49 1 912 1
25 49 0 912 1
54 58 1 912 1
54 58 0 912 1
89 168 1 913 0
53 41 1 914 1
53 41 0 914 1
30 6 1 914 1
30 6 0 914 1
27 20 1 915 1
27 20 0 915 1
50 87 1 915 1
50 87 0 915 1
77 6 1 915 1
77 6 0 915 1
76 15 1 915 1
76 15 0 915 1
51 33 1 915 1
51 33 0 915 1
71 29 1 915 1
71 29 0 915 1
30 6 1 915 1
30 6 0 915 1
22 6 1 916 1
22 6 0 916 1
84 163 0 916 1
58 74 1 917 1
58 74 0 917 1
5 45 1 917 1
5 45 0 917 1
70 33 1 917 1
70 33 0 917 1
48 4 1 917 1
48 4 0 917 1
11 28 1 917 1
11 28 0 917 1
90 45 1 917 1
90 45 0 917 1
41 57 1 918 1
41 57 0 918 1
38 14 1 918 1
38 14 0 918 1
36 1 1 918 1
36 1 0 918 1
29 23 1 918 1
29 23 0 918 1
55 107 1 919 1
55 107 0 919 1
44 162 0 919 1
21 6 1 920 1
21 6 0 920 1
13 35 1 920 1
13 35 0 920 1
45 75 1 920 1
45 75 0 920 1
90 45 1 920 1
90 45 0 920 1
38 14 1 920 1
38 14 0 920 1
43 160 0 920 1
70 4 1 921 1
70 4 0 921 1
6 4 1 922 1
6 4 0 922 1
28 1 1 923 1
28 1 0 923 1
7 60 1 924 1
7 60 0 924 1
18 33 1 924 1
18 33 0 924 1
4 53 1 924 1
4 53 0 924 1
32 29 1 925 1
32 29 0 925 1
75 82 1 925 1
75 82 0 925 1
26 16 1 925 1
26 16 0 925 1
33 51 1 925 1
33 51 0 925 1
66 6 1 925 1
66 6 0 925 1
80 4 1 925 1
80 4 0 925 1
8 25 1 925 1
8 25 0 925 1
95 43 1 925 1
95 43 0 925 1
51 33 1 925 1
51 33 0 925 1
5 29 1 925 1
5 29 0 925 1
44 49 1 925 1
44 49 0 925 1
4 53 1 925 1
4 53 0 925 1
75 66 1 925 1
75 66 0 925 1
26 1 1 925 1
26 1 0 925 1
9 9 1 926 1
9 9 0 926 1
73 24 1 926 1
73 24 0 926 1
79 51 1 926 1
79 51 0 926 1
21 79 1 926 1
21 79 0 926 1
93 169 0 926 1
27 21 1 927 1
27 21 0 927 1
48 4 1 927 1
48 4 0 927 1
41 166 1 927 0
13 35 1 927 1
13 35 0 927 1
73 24 1 927 1
73 24 0 927 1
47 160 0 927 1
27 111 1 927 1
27 111 0 927 1
40 1 1 928 1
40 1 0 928 1
39 72 1 928 1
39 72 0 928 1
49 32 1 928 1
49 32 0 928 1
84 9 1 928 1
84 9 0 928 1
33 51 1 928 1
33 51 0 928 1
75 66 1 928 1
75 66 0 928 1
39 85 1 928 1
39 85 0 928 1
23 2 1 929 1
23 2 0 929 1
85 37 1 929 1
85 37 0 929 1
7 60 1 929 1
7 60 0 929 1
52 47 1 930 1
52 47 0 930 1
50 87 1 930 1
50 87 0 930 1
55 107 1 930 1
55 107 0 930 1
6 4 1 930 1
6 4 0 930 1
32 29 1 930 1
32 29 0 930 1
66 6 1 930 1
66 6 0 930 1
80 4 1 930 1
80 4 0 930 1
95 43 1 930 1
95 43 0 930 1
5 29 1 930 1
5 29 0 930 1
79 51 1 930 1
79 51 0 930 1
21 79 1 930 1
21 79 0 930 1
85 38 1 930 1
85 38 0 930 1
26 1 1 931 1
26 1 0 931 1
18 33 1 932 1
18 33 0 932 1
9 3 1 932 1
9 3 0 932 1
14 97 1 933 1
14 97 0 933 1
40 6 1 933 1
40 6 0 933 1
2 61 1 934 1
2 61 0 934 1
35 18 1 934 1
35 18 0 934 1
53 41 1 934 1
53 41 0 934 1
77 42 1 934 1
77 42 0 934 1
29 23 1 934 1
29 23 0 934 1
16 25 1 935 1
16 25 0 935 1
58 74 1 935 1
58 74 0 935 1
43 0 1 935 1
43 0 0 935 1
85 38 1 935 1
85 38 0 935 1
2 78 1 935 1
2 78 0 935 1
25 32 1 936 1
25 32 0 936 1
35 18 1 937 1
35 18 0 937 1
25 32 1 937 1
25 32 0 937 1
17 28 1 938 1
17 28 0 938 1
67 2 1 938 1
67 2 0 938 1
23 2 1 938 1
23 2 0 938 1
91 18 1 939 1
91 18 0 939 1
65 50 1 939 1
65 50 0 939 1
93 126 1 939 1
93 126 0 939 1
54 4 1 940 1
54 4 0 940 1
90 29 1 940 1
90 29 0 940 1
14 97 1 940 1
14 97 0 940 1
57 10 1 941 1
57 10 0 941 1
86 73 1 941 1
86 73 0 941 1
70 35 1 941 1
70 35 0 941 1
55 107 1 941 1
55 107 0 941 1
57 96 1 941 1
57 96 0 941 1
92 168 1 942 0
30 91 1 942 1
30 91 0 942 1
47 0 1 942 1
47 0 0 942 1
17 52 1 942 1
17 52 0 942 1
30 58 1 942 1
30 58 0 942 1
71 30 1 943 1
71 30 0 943 1
42 167 0 943 1
96 163 0 944 1
21 6 1 944 1
21 6 0 944 1
9 3 1 944 1
9 3 0 944 1
16 50 1 944 1
16 50 0 944 1
90 1 1 944 1
90 1 0 944 1
71 29 1 944 1
71 29 0 944 1
50 87 1 945 1
50 87 0 945 1
40 6 1 945 1
40 6 0 945 1
54 4 1 945 1
54 4 0 945 1
55 78 1 945 1
55 78 0 945 1
21 6 1 945 1
21 6 0 945 1
71 29 1 945 1
71 29 0 945 1
45 4 1 946 1
45 4 0 946 1
48 65 1 947 1
48 65 0 947 1
17 52 1 947 1
17 52 0 947 1
30 58 1 947 1
30 58 0 947 1
97 163 0 948 1
22 45 1 948 1
22 45 0 948 1
93 115 1 948 1
93 115 0 948 1
70 35 1 948 1
70 35 0 948 1
87 168 0 948 1
38 64 1 949 1
38 64 0 949 1
65 9 1 949 1
65 9 0 949 1
6 6 1 950 1
6 6 0 950 1
80 65 1 950 1
80 65 0 950 1
77 42 1 950 1
77 42 0 950 1
38 13 1 950 1
38 13 0 950 1
6 29 1 950 1
6 29 0 950 1
36 31 1 951 1
36 31 0 951 1
95 32 1 951 1
95 32 0 951 1
79 56 1 951 1
79 56 0 951 1
2 78 1 951 1
2 78 0 951 1
45 4 1 951 1
45 4 0 951 1
22 45 1 951 1
22 45 0 951 1
5 4 1 952 1
5 4 0 952 1
52 104 1 953 1
52 104 0 953 1
16 50 1 953 1
16 50 0 953 1
65 9 1 953 1
65 9 0 953 1
83 0 1 954 1
83 0 0 954 1
11 27 1 954 1
11 27 0 954 1
39 71 1 954 1
39 71 0 954 1
18 34 1 954 1
18 34 0 954 1
48 65 1 954 1
48 65 0 954 1
18 54 1 954 1
18 54 0 954 1
10 10 1 955 1
10 10 0 955 1
4 4 1 955 1
4 4 0 955 1
13 6 1 955 1
13 6 0 955 1
73 4 1 955 1
73 4 0 955 1
42 54 1 955 1
42 54 0 955 1
94 9 1 956 1
94 9 0 956 1
28 31 1 956 1
28 31 0 956 1
66 75 1 956 1
66 75 0 956 1
73 29 1 956 1
73 29 0 956 1
8 26 1 957 1
8 26 0 957 1
96 65 1 957 1
96 65 0 957 1
9 4 1 957 1
9 4 0 957 1
95 32 1 957 1
95 32 0 957 1
8 113 1 957 1
8 113 0 957 1
14 39 1 958 1
14 39 0 958 1
93 126 1 958 1
93 126 0 958 1
39 71 1 958 1
39 71 0 958 1
94 9 1 958 1
94 9 0 958 1
8 113 1 958 1
8 113 0 958 1
19 60 1 959 1
19 60 0 959 1
76 16 1 959 1
76 16 0 959 1
86 100 1 959 1
86 100 0 959 1
66 75 1 959 1
66 75 0 959 1
76 1 1 959 1
76 1 0 959 1
27 111 1 960 1
27 111 0 960 1
50 87 1 960 1
50 87 0 960 1
97 1 1 960 1
97 1 0 960 1
87 6 1 960 1
87 6 0 960 1
6 29 1 960 1
6 29 0 960 1
5 4 1 960 1
5 4 0 960 1
52 104 1 960 1
52 104 0 960 1
4 33 1 960 1
4 33 0 960 1
73 29 1 960 1
73 29 0 960 1
9 4 1 960 1
9 4 0 960 1
14 39 1 960 1
14 39 0 960 1
60 1 1 962 1
60 1 0 962 1
57 96 1 964 1
57 96 0 964 1
21 45 1 964 1
21 45 0 964 1
44 59 1 965 1
44 59 0 965 1
25 82 1 965 1
25 82 0 965 1
76 1 1 965 1
76 1 0 965 1
88 164 0 965 1
37 161 0 965 1
60 4 1 966 1
60 4 0 966 1
31 165 0 966 1
60 6 1 966 1
60 6 0 966 1
40 58 1 967 1
40 58 0 967 1
33 52 1 968 1
33 52 0 968 1
10 10 1 968 1
10 10 0 968 1
98 162 0 969 1
49 82 1 969 1
49 82 0 969 1
91 168 1 969 0
79 56 1 969 1
79 56 0 969 1
18 54 1 969 1
18 54 0 969 1
67 2 1 970 1
67 2 0 970 1
30 4 1 970 1
30 4 0 970 1
77 29 1 970 1
77 29 0 970 1
88 60 1 970 1
88 60 0 970 1
12 15 1 971 1
12 15 0 971 1
75 19 1 971 1
75 19 0 971 1
80 5 1 971 1
80 5 0 971 1
45 6 1 971 1
45 6 0 971 1
22 29 1 971 1
22 29 0 971 1
49 49 1 971 1
49 49 0 971 1
77 6 1 971 1
77 6 0 971 1
75 73 1 971 1
75 73 0 971 1
27 20 1 972 1
27 20 0 972 1
40 58 1 972 1
40 58 0 972 1
33 28 1 972 1
33 28 0 972 1
49 49 1 972 1
49 49 0 972 1
27 43 1 972 1
27 43 0 972 1
71 30 1 973 1
71 30 0 973 1
54 6 1 974 1
54 6 0 974 1
71 29 1 974 1
71 29 0 974 1
58 2 1 975 1
58 2 0 975 1
50 87 1 975 1
50 87 0 975 1
25 78 1 975 1
25 78 0 975 1
30 4 1 975 1
30 4 0 975 1
80 5 1 975 1
80 5 0 975 1
54 6 1 975 1
54 6 0 975 1
71 29 1 975 1
71 29 0 975 1
70 6 1 976 1
70 6 0 976 1
65 129 1 976 1
65 129 0 976 1
14 142 1 976 1
14 142 0 976 1
22 29 1 976 1
22 29 0 976 1
61 162 0 976 1
65 36 1 976 1
65 36 0 976 1
23 74 1 977 1
23 74 0 977 1
42 33 1 977 1
42 33 0 977 1
98 69 1 977 1
98 69 0 977 1
33 28 1 977 1
33 28 0 977 1
84 57 1 978 1
84 57 0 978 1
38 14 1 978 1
38 14 0 978 1
86 78 1 978 1
86 78 0 978 1
27 43 1 978 1
27 43 0 978 1
58 2 1 978 1
58 2 0 978 1
42 25 1 978 1
42 25 0 978 1
84 23 1 979 1
84 23 0 979 1
85 31 1 980 1
85 31 0 980 1
35 16 1 980 1
35 16 0 980 1
47 109 1 980 1
47 109 0 980 1
4 33 1 980 1
4 33 0 980 1
9 6 1 980 1
9 6 0 980 1
21 45 1 980 1
21 45 0 980 1
38 14 1 980 1
38 14 0 980 1
42 25 1 980 1
42 25 0 980 1
85 0 1 980 1
85 0 0 980 1
51 17 1 981 1
51 17 0 981 1
35 88 1 981 1
35 88 0 981 1
48 6 1 982 1
48 6 0 982 1
73 4 1 982 1
73 4 0 982 1
20 60 1 984 1
20 60 0 984 1
32 46 1 984 1
32 46 0 984 1
13 53 1 984 1
13 53 0 984 1
17 51 1 985 1
17 51 0 985 1
96 6 1 985 1
96 6 0 985 1
95 43 1 985 1
95 43 0 985 1
8 6 1 985 1
8 6 0 985 1
66 4 1 985 1
66 4 0 985 1
37 17 1 985 1
37 17 0 985 1
31 49 1 985 1
31 49 0 985 1
14 163 1 985 0
35 88 1 985 1
35 88 0 985 1
32 46 1 985 1
32 46 0 985 1
13 53 1 985 1
13 53 0 985 1
17 43 1 985 1
17 43 0 985 1
95 165 1 985 0
8 29 1 985 1
8 29 0 985 1
66 6 1 985 1
66 6 0 985 1
29 9 1 986 1
29 9 0 986 1
79 51 1 986 1
79 51 0 986 1
58 63 1 986 1
58 63 0 986 1
96 4 1 986 1
96 4 0 986 1
53 29 1 987 1
53 29 0 987 1
6 118 1 987 1
6 118 0 987 1
44 51 1 987 1
44 51 0 987 1
73 9 1 987 1
73 9 0 987 1
29 1 1 987 1
29 1 0 987 1
83 1 1 988 1
83 1 0 988 1
39 72 1 988 1
39 72 0 988 1
30 79 1 988 1
30 79 0 988 1
58 63 1 988 1
58 63 0 988 1
44 51 1 988 1
44 51 0 988 1
73 9 1 988 1
73 9 0 988 1
83 33 1 988 1
83 33 0 988 1
43 37 1 989 1
43 37 0 989 1
20 60 1 989 1
20 60 0 989 1
24 160 0 989 1
26 50 1 990 1
26 50 0 990 1
5 117 1 990 1
5 117 0 990 1
77 6 1 990 1
77 6 0 990 1
50 87 1 990 1
50 87 0 990 1
70 3 1 990 1
70 3 0 990 1
61 78 1 990 1
61 78 0 990 1
17 43 1 990 1
17 43 0 990 1
8 29 1 990 1
8 29 0 990 1
66 6 1 990 1
66 6 0 990 1
79 51 1 990 1
79 51 0 990 1
96 4 1 990 1
96 4 0 990 1
30 79 1 990 1
30 79 0 990 1
83 33 1 990 1
83 33 0 990 1
43 38 1 990 1
43 38 0 990 1
18 33 1 991 1
18 33 0 991 1
53 1 1 991 1
53 1 0 991 1
26 50 1 991 1
26 50 0 991 1
78 160 0 991 1
12 62 1 992 1
12 62 0 992 1
9 168 1 992 0
18 33 1 992 1
18 33 0 992 1
60 91 1 993 1
60 91 0 993 1
41 166 0 993 1
60 58 1 993 1
60 58 0 993 1
7 61 1 994 1
7 61 0 994 1
65 36 1 994 1
65 36 0 994 1
84 23 1 994 1
84 23 0 994 1
76 47 1 995 1
76 47 0 995 1
23 74 1 995 1
23 74 0 995 1
47 109 1 995 1
47 109 0 995 1
85 0 1 995 1
85 0 0 995 1
70 3 1 995 1
70 3 0 995 1
43 38 1 995 1
43 38 0 995 1
7 78 1 995 1
7 78 0 995 1
36 10 1 996 1
36 10 0 996 1
45 6 1 996 1
45 6 0 996 1
49 32 1 996 1
49 32 0 996 1
58 2 1 996 1
58 2 0 996 1
36 96 1 996 1
36 96 0 996 1
49 32 1 997 1
49 32 0 997 1
11 28 1 998 1
11 28 0 998 1
52 69 1 998 1
52 69 0 998 1
67 2 1 998 1
67 2 0 998 1
61 107 1 998 1
61 107 0 998 1
60 58 1 998 1
60 58 0 998 1
58 2 1 998 1
58 2 0 998 1
46 167 0 998 1
93 126 1 999 1
93 126 0 999 1
27 32 1 999 1
27 32 0 999 1
90 82 1 1000 1
90 82 0 1000 1
40 4 1 1000 1
40 4 0 1000 1
21 29 1 1000 1
21 29 0 1000 1
46 44 1 1000 1
46 44 0 1000 1
28 10 1 1001 1
28 10 0 1001 1
87 55 1 1001 1
87 55 0 1001 1
41 73 1 1001 1
41 73 0 1001 1
52 66 1 1001 1
52 66 0 1001 1
28 96 1 1001 1
28 96 0 1001 1
87 52 1 1001 1
87 52 0 1001 1
54 91 1 1002 1
54 91 0 1002 1
86 78 1 1002 1
86 78 0 1002 1
48 6 1 1002 1
48 6 0 1002 1
7 78 1 1002 1
7 78 0 1002 1
54 58 1 1002 1
54 58 0 1002 1
71 30 1 1003 1
71 30 0 1003 1
90 55 1 1003 1
90 55 0 1003 1
59 160 0 1003 1
99 169 0 1004 1
22 30 1 1004 1
22 30 0 1004 1
29 1 1 1004 1
29 1 0 1004 1
30 6 1 1004 1
30 6 0 1004 1
53 1 1 1004 1
53 1 0 1004 1
21 1 1 1004 1
21 1 0 1004 1
71 6 1 1004 1
71 6 0 1004 1
90 55 1 1004 1
90 55 0 1004 1
30 29 1 1004 1
30 29 0 1004 1
55 60 1 1005 1
55 60 0 1005 1
50 87 1 1005 1
50 87 0 1005 1
78 68 1 1005 1
78 68 0 1005 1
40 4 1 1005 1
40 4 0 1005 1
22 4 1 1005 1
22 4 0 1005 1
71 6 1 1005 1
71 6 0 1005 1
30 29 1 1005 1
30 29 0 1005 1
61 78 1 1006 1
61 78 0 1006 1
27 32 1 1006 1
27 32 0 1006 1
22 4 1 1006 1
22 4 0 1006 1
87 52 1 1007 1
87 52 0 1007 1
54 58 1 1007 1
54 58 0 1007 1
59 46 1 1007 1
59 46 0 1007 1
16 25 1 1008 1
16 25 0 1008 1
94 19 1 1008 1
94 19 0 1008 1
66 90 1 1008 1
66 90 0 1008 1
70 4 1 1008 1
70 4 0 1008 1
93 115 1 1008 1
93 115 0 1008 1
63 168 0 1008 1
94 73 1 1008 1
94 73 0 1008 1
14 163 0 1008 1
38 64 1 1009 1
38 64 0 1009 1
12 67 1 1009 1
12 67 0 1009 1
37 18 1 1010 1
37 18 0 1010 1
6 29 1 1010 1
6 29 0 1010 1
96 6 1 1010 1
96 6 0 1010 1
38 13 1 1010 1
38 13 0 1010 1
24 93 1 1011 1
24 93 0 1011 1
79 56 1 1011 1
79 56 0 1011 1
70 4 1 1011 1
70 4 0 1011 1
98 70 1 1012 1
98 70 0 1012 1
39 162 1 1012 0
8 4 1 1012 1
8 4 0 1012 1
21 1 1 1012 1
21 1 0 1012 1
8 6 1 1012 1
8 6 0 1012 1
5 6 1 1013 1
5 6 0 1013 1
17 32 1 1013 1
17 32 0 1013 1
66 90 1 1013 1
66 90 0 1013 1
19 71 1 1014 1
19 71 0 1014 1
10 0 1 1014 1
10 0 0 1014 1
33 27 1 1014 1
33 27 0 1014 1
18 34 1 1014 1
18 34 0 1014 1
96 33 1 1014 1
96 33 0 1014 1
98 104 1 1014 1
98 104 0 1014 1
18 54 1 1014 1
18 54 0 1014 1
97 10 1 1015 1
97 10 0 1015 1
13 4 1 1015 1
13 4 0 1015 1
45 42 1 1015 1
45 42 0 1015 1
16 25 1 1015 1
16 25 0 1015 1
8 6 1 1015 1
8 6 0 1015 1
96 33 1 1015 1
96 33 0 1015 1
13 6 1 1015 1
13 6 0 1015 1
75 9 1 1016 1
75 9 0 1016 1
51 17 1 1016 1
51 17 0 1016 1
77 75 1 1016 1
77 75 0 1016 1
99 126 1 1017 1
99 126 0 1017 1
19 69 1 1017 1
19 69 0 1017 1
65 9 1 1018 1
65 9 0 1018 1
11 28 1 1018 1
11 28 0 1018 1
17 32 1 1018 1
17 32 0 1018 1
75 9 1 1018 1
75 9 0 1018 1
57 1 1 1019 1
57 1 0 1019 1
80 16 1 1019 1
80 16 0 1019 1
36 96 1 1019 1
36 96 0 1019 1
55 60 1 1019 1
55 60 0 1019 1
22 79 1 1019 1
22 79 0 1019 1
77 75 1 1019 1
77 75 0 1019 1
80 1 1 1019 1
80 1 0 1019 1
50 87 1 1020 1
50 87 0 1020 1
78 15 1 1020 1
78 15 0 1020 1
63 29 1 1020 1
63 29 0 1020 1
14 4 1 1020 1
14 4 0 1020 1
6 29 1 1020 1
6 29 0 1020 1
5 6 1 1020 1
5 6 0 1020 1
98 104 1 1020 1
98 104 0 1020 1
57 9 1 1020 1
57 9 0 1020 1
80 1 1 1020 1
80 1 0 1020 1
31 32 1 1021 1
31 32 0 1021 1
60 4 1 1021 1
60 4 0 1021 1
48 45 1 1021 1
48 45 0 1021 1
61 78 1 1021 1
61 78 0 1021 1
37 108 1 1021 1
37 108 0 1021 1
22 79 1 1021 1
22 79 0 1021 1
4 18 1 1022 1
4 18 0 1022 1
28 96 1 1024 1
28 96 0 1024 1
100 161 0 1025 1
42 15 1 1025 1
42 15 0 1025 1
49 82 1 1025 1
49 82 0 1025 1
53 47 1 1025 1
53 47 0 1025 1
4 18 1 1025 1
4 18 0 1025 1
13 6 1 1026 1
13 6 0 1026 1
99 115 1 1026 1
99 115 0 1026 1
71 58 1 1027 1
71 58 0 1027 1
88 61 1 1028 1
88 61 0 1028 1
44 52 1 1028 1
44 52 0 1028 1
97 10 1 1028 1
97 10 0 1028 1
49 28 1 1028 1
49 28 0 1028 1
79 56 1 1029 1
79 56 0 1029 1
18 54 1 1029 1
18 54 0 1029 1
88 78 1 1029 1
88 78 0 1029 1
35 5 1 1030 1
35 5 0 1030 1
46 33 1 1030 1
46 33 0 1030 1
54 4 1 1030 1
54 4 0 1030 1
93 169 1 1030 0
47 0 1 1031 1
47 0 0 1031 1
94 73 1 1031 1
94 73 0 1031 1
70 6 1 1031 1
70 6 0 1031 1
66 19 1 1031 1
66 19 0 1031 1
45 42 1 1031 1
45 42 0 1031 1
66 73 1 1031 1
66 73 0 1031 1
58 74 1 1032 1
58 74 0 1032 1
71 58 1 1032 1
71 58 0 1032 1
44 49 1 1032 1
44 49 0 1032 1
30 30 1 1033 1
30 30 0 1033 1
60 168 1 1033 0
40 6 1 1034 1
40 6 0 1034 1
30 6 1 1034 1
30 6 0 1034 1
25 60 1 1035 1
25 60 0 1035 1
23 2 1 1035 1
23 2 0 1035 1
50 87 1 1035 1
50 87 0 1035 1
78 15 1 1035 1
78 15 0 1035 1
22 6 1 1035 1
22 6 0 1035 1
35 5 1 1035 1
35 5 0 1035 1
46 29 1 1035 1
46 29 0 1035 1
70 1 1 1035 1
70 1 0 1035 1
30 6 1 1035 1
30 6 0 1035 1
67 2 1 1036 1
67 2 0 1036 1
99 126 1 1036 1
99 126 0 1036 1
22 6 1 1036 1
22 6 0 1036 1
19 69 1 1037 1
19 69 0 1037 1
48 45 1 1037 1
48 45 0 1037 1
49 28 1 1037 1
49 28 0 1037 1
73 57 1 1038 1
73 57 0 1038 1
38 14 1 1038 1
38 14 0 1038 1
40 1 1 1038 1
40 1 0 1038 1
73 23 1 1039 1
73 23 0 1039 1
43 31 1 1040 1
43 31 0 1040 1
14 35 1 1040 1
14 35 0 1040 1
38 14 1 1040 1
38 14 0 1040 1
83 46 1 1041 1
83 46 0 1041 1
26 25 1 1041 1
26 25 0 1041 1
70 1 1 1041 1
70 1 0 1041 1
26 88 1 1041 1
26 88 0 1041 1
76 47 1 1042 1
76 47 0 1042 1
21 47 1 1042 1
21 47 0 1042 1
63 4 1 1042 1
63 4 0 1042 1
21 151 1 1042 1
21 151 0 1042 1
12 67 1 1043 1
12 67 0 1043 1
57 9 1 1043 1
57 9 0 1043 1
40 1 1 1043 1
40 1 0 1043 1
1 167 0 1043 1
2 60 1 1044 1
2 60 0 1044 1
8 53 1 1044 1
8 53 0 1044 1
41 82 1 1045 1
41 82 0 1045 1
90 4 1 1045 1
90 4 0 1045 1
87 51 1 1045 1
87 51 0 1045 1
24 6 1 1045 1
24 6 0 1045 1
77 4 1 1045 1
77 4 0 1045 1
31 43 1 1045 1
31 43 0 1045 1
100 17 1 1045 1
100 17 0 1045 1
53 33 1 1045 1
53 33 0 1045 1
83 46 1 1045 1
83 46 0 1045 1
26 88 1 1045 1
26 88 0 1045 1
21 151 1 1045 1
21 151 0 1045 1
1 39 1 1045 1
1 39 0 1045 1
8 53 1 1045 1
8 53 0 1045 1
41 66 1 1045 1
41 66 0 1045 1
90 6 1 1045 1
90 6 0 1045 1
31 20 1 1045 1
31 20 0 1045 1
84 9 1 1046 1
84 9 0 1046 1
5 24 1 1046 1
5 24 0 1046 1
79 51 1 1046 1
79 51 0 1046 1
32 29 1 1047 1
32 29 0 1047 1
27 82 1 1047 1
27 82 0 1047 1
14 35 1 1047 1
14 35 0 1047 1
31 20 1 1047 1
31 20 0 1047 1
84 25 1 1047 1
84 25 0 1047 1
5 24 1 1047 1
5 24 0 1047 1
7 72 1 1048 1
7 72 0 1048 1
10 1 1 1048 1
10 1 0 1048 1
65 9 1 1048 1
65 9 0 1048 1
87 51 1 1048 1
87 51 0 1048 1
41 66 1 1048 1
41 66 0 1048 1
10 33 1 1048 1
10 33 0 1048 1
85 37 1 1049 1
85 37 0 1049 1
37 108 1 1049 1
37 108 0 1049 1
54 109 1 1049 1
54 109 0 1049 1
25 60 1 1049 1
25 60 0 1049 1
88 78 1 1050 1
88 78 0 1050 1
23 6 1 1050 1
23 6 0 1050 1
50 87 1 1050 1
50 87 0 1050 1
78 68 1 1050 1
78 68 0 1050 1
63 4 1 1050 1
63 4 0 1050 1
90 6 1 1050 1
90 6 0 1050 1
79 51 1 1050 1
79 51 0 1050 1
32 29 1 1050 1
32 29 0 1050 1
10 33 1 1050 1
10 33 0 1050 1
85 38 1 1050 1
85 38 0 1050 1
18 33 1 1051 1
18 33 0 1051 1
45 29 1 1051 1
45 29 0 1051 1
18 33 1 1052 1
18 33 0 1052 1
11 59 1 1053 1
11 59 0 1053 1
20 61 1 1054 1
20 61 0 1054 1
86 60 1 1054 1
86 60 0 1054 1
17 28 1 1054 1
17 28 0 1054 1
30 42 1 1054 1
30 42 0 1054 1
73 23 1 1054 1
73 23 0 1054 1
100 122 1 1054 1
100 122 0 1054 1
11 32 1 1054 1
11 32 0 1054 1
47 0 1 1055 1
47 0 0 1055 1
43 160 1 1055 0
54 109 1 1055 1
54 109 0 1055 1
85 38 1 1055 1
85 38 0 1055 1
20 78 1 1055 1
20 78 0 1055 1
44 32 1 1056 1
44 32 0 1056 1
52 1 1 1057 1
52 1 0 1057 1
96 18 1 1057 1
96 18 0 1057 1
48 29 1 1057 1
48 29 0 1057 1
77 168 1 1057 0
44 32 1 1057 1
44 32 0 1057 1
33 28 1 1058 1
33 28 0 1058 1
98 69 1 1058 1
98 69 0 1058 1
58 2 1 1058 1
58 2 0 1058 1
67 2 1 1058 1
67 2 0 1058 1
78 0 1 1058 1
78 0 0 1058 1
17 52 1 1058 1
17 52 0 1058 1
99 126 1 1059 1
99 126 0 1059 1
24 3 1 1059 1
24 3 0 1059 1
31 21 1 1059 1
31 21 0 1059 1
86 164 1 1059 0
31 111 1 1059 1
31 111 0 1059 1
29 82 1 1060 1
29 82 0 1060 1
59 33 1 1060 1
59 33 0 1060 1
16 15 1 1060 1
16 15 0 1060 1
71 4 1 1060 1
71 4 0 1060 1
66 73 1 1061 1
66 73 0 1061 1
1 116 1 1061 1
1 116 0 1061 1
45 67 1 1061 1
45 67 0 1061 1
52 4 1 1061 1
52 4 0 1061 1
33 66 1 1061 1
33 66 0 1061 1
1 119 1 1061 1
1 119 0 1061 1
48 29 1 1062 1
48 29 0 1062 1
78 0 1 1062 1
78 0 0 1062 1
29 49 1 1062 1
29 49 0 1062 1
46 30 1 1063 1
46 30 0 1063 1
12 6 1 1063 1
12 6 0 1063 1
7 104 1 1063 1
7 104 0 1063 1
13 121 1 1064 1
13 121 0 1064 1
21 152 1 1064 1
21 152 0 1064 1
24 3 1 1064 1
24 3 0 1064 1
13 103 1 1064 1
13 103 0 1064 1
93 169 0 1064 1
4 16 1 1065 1
4 16 0 1065 1
23 6 1 1065 1
23 6 0 1065 1
50 87 1 1065 1
50 87 0 1065 1
63 12 1 1065 1
63 12 0 1065 1
59 29 1 1065 1
59 29 0 1065 1
16 15 1 1065 1
16 15 0 1065 1
71 4 1 1065 1
71 4 0 1065 1
21 134 1 1065 1
21 134 0 1065 1
98 162 1 1066 0
4 33 1 1066 1
4 33 0 1066 1
21 134 1 1066 1
21 134 0 1066 1
17 52 1 1067 1
17 52 0 1067 1
75 19 1 1068 1
75 19 0 1068 1
22 45 1 1068 1
22 45 0 1068 1
96 18 1 1068 1
96 18 0 1068 1
99 115 1 1068 1
99 115 0 1068 1
12 6 1 1068 1
12 6 0 1068 1
42 16 1 1069 1
42 16 0 1069 1
38 64 1 1069 1
38 64 0 1069 1
90 100 1 1069 1
90 100 0 1069 1
37 15 1 1070 1
37 15 0 1070 1
30 42 1 1070 1
30 42 0 1070 1
42 33 1 1070 1
42 33 0 1070 1
38 13 1 1070 1
38 13 0 1070 1
79 56 1 1071 1
79 56 0 1071 1
13 103 1 1071 1
13 103 0 1071 1
19 70 1 1072 1
19 70 0 1072 1
76 48 1 1072 1
76 48 0 1072 1
32 4 1 1072 1
32 4 0 1072 1
76 1 1 1072 1
76 1 0 1072 1
51 16 1 1073 1
51 16 0 1073 1
31 111 1 1073 1
31 111 0 1073 1
29 49 1 1073 1
29 49 0 1073 1
63 87 1 1073 1
63 87 0 1073 1
37 15 1 1073 1
37 15 0 1073 1
51 1 1 1073 1
51 1 0 1073 1
36 1 1 1074 1
36 1 0 1074 1
55 71 1 1074 1
55 71 0 1074 1
6 46 1 1074 1
6 46 0 1074 1
97 0 1 1074 1
97 0 0 1074 1
49 27 1 1074 1
49 27 0 1074 1
18 34 1 1074 1
18 34 0 1074 1
18 54 1 1074 1
18 54 0 1074 1
80 10 1 1075 1
80 10 0 1075 1
35 6 1 1075 1
35 6 0 1075 1
8 4 1 1075 1
8 4 0 1075 1
14 6 1 1075 1
14 6 0 1075 1
84 25 1 1075 1
84 25 0 1075 1
5 4 1 1075 1
5 4 0 1075 1
4 33 1 1075 1
4 33 0 1075 1
5 6 1 1075 1
5 6 0 1075 1
94 9 1 1076 1
94 9 0 1076 1
40 31 1 1076 1
40 31 0 1076 1
100 161 1 1076 0
75 166 1 1076 0
11 32 1 1077 1
11 32 0 1077 1
24 4 1 1077 1
24 4 0 1077 1
93 126 1 1077 1
93 126 0 1077 1
22 6 1 1077 1
22 6 0 1077 1
32 9 1 1077 1
32 9 0 1077 1
55 28 1 1077 1
55 28 0 1077 1
1 39 1 1078 1
1 39 0 1078 1
6 160 1 1078 0
24 29 1 1078 1
24 29 0 1078 1
32 9 1 1078 1
32 9 0 1078 1
28 1 1 1079 1
28 1 0 1079 1
27 168 1 1079 0
66 100 1 1079 1
66 100 0 1079 1
1 167 1 1079 0
2 73 1 1080 1
2 73 0 1080 1
52 4 1 1080 1
52 4 0 1080 1
7 104 1 1080 1
7 104 0 1080 1
50 87 1 1080 1
50 87 0 1080 1
42 33 1 1080 1
42 33 0 1080 1
63 87 1 1080 1
63 87 0 1080 1
8 4 1 1080 1
8 4 0 1080 1
14 6 1 1080 1
14 6 0 1080 1
94 4 1 1080 1
94 4 0 1080 1
24 29 1 1080 1
24 29 0 1080 1
66 7 1 1080 1
66 7 0 1080 1
57 116 1 1081 1
57 116 0 1081 1
45 6 1 1081 1
45 6 0 1081 1
22 6 1 1081 1
22 6 0 1081 1
19 49 1 1083 1
19 49 0 1083 1
28 6 1 1084 1
28 6 0 1084 1
66 7 1 1084 1
66 7 0 1084 1
44 82 1 1085 1
44 82 0 1085 1
46 39 1 1085 1
46 39 0 1085 1
21 47 1 1086 1
21 47 0 1086 1
36 168 1 1086 0
93 115 1 1086 1
93 115 0 1086 1
45 6 1 1086 1
45 6 0 1086 1
23 58 1 1087 1
23 58 0 1087 1
57 116 1 1087 1
57 116 0 1087 1
87 52 1 1088 1
87 52 0 1088 1
90 78 1 1088 1
90 78 0 1088 1
80 10 1 1088 1
80 10 0 1088 1
50 6 1 1088 1
50 6 0 1088 1
44 69 1 1088 1
44 69 0 1088 1
79 56 1 1089 1
79 56 0 1089 1
18 54 1 1089 1
18 54 0 1089 1
5 3 1 1089 1
5 3 0 1089 1
26 5 1 1090 1
26 5 0 1090 1
67 2 1 1090 1
67 2 0 1090 1
48 30 1 1090 1
48 30 0 1090 1
99 169 1 1090 0
30 29 1 1090 1
30 29 0 1090 1
31 20 1 1090 1
31 20 0 1090 1
51 1 1 1090 1
51 1 0 1090 1
46 39 1 1090 1
46 39 0 1090 1
31 165 1 1090 0
41 19 1 1091 1
41 19 0 1091 1
54 0 1 1091 1
54 0 0 1091 1
48 29 1 1091 1
48 29 0 1091 1
41 73 1 1091 1
41 73 0 1091 1
19 49 1 1092 1
19 49 0 1092 1
23 58 1 1092 1
23 58 0 1092 1
48 29 1 1092 1
48 29 0 1092 1
6 160 0 1093 1
71 6 1 1094 1
71 6 0 1094 1
12 75 1 1094 1
12 75 0 1094 1
37 62 1 1094 1
37 62 0 1094 1
5 3 1 1094 1
5 3 0 1094 1
63 87 1 1095 1
63 87 0 1095 1
28 6 1 1095 1
28 6 0 1095 1
50 6 1 1095 1
50 6 0 1095 1
26 5 1 1095 1
26 5 0 1095 1
30 29 1 1095 1
30 29 0 1095 1
37 108 1 1095 1
37 108 0 1095 1
70 10 1 1096 1
70 10 0 1096 1
59 125 1 1096 1
59 125 0 1096 1
70 96 1 1096 1
70 96 0 1096 1
58 74 1 1097 1
58 74 0 1097 1
55 28 1 1097 1
55 28 0 1097 1
44 69 1 1097 1
44 69 0 1097 1
6 46 1 1097 1
6 46 0 1097 1
12 75 1 1097 1
12 75 0 1097 1
65 57 1 1098 1
65 57 0 1098 1
38 14 1 1098 1
38 14 0 1098 1
67 2 1 1098 1
67 2 0 1098 1
71 1 1 1098 1
71 1 0 1098 1
65 23 1 1099 1
65 23 0 1099 1
85 31 1 1100 1
85 31 0 1100 1
78 109 1 1100 1
78 109 0 1100 1
8 6 1 1100 1
8 6 0 1100 1
94 35 1 1100 1
94 35 0 1100 1
22 100 1 1100 1
22 100 0 1100 1
85 0 1 1100 1
85 0 0 1100 1
53 17 1 1101 1
53 17 0 1101 1
10 46 1 1101 1
10 46 0 1101 1
20 72 1 1101 1
20 72 0 1101 1
13 25 1 1101 1
13 25 0 1101 1
20 85 1 1101 1
20 85 0 1101 1
76 47 1 1102 1
76 47 0 1102 1
24 4 1 1102 1
24 4 0 1102 1
71 1 1 1103 1
71 1 0 1103 1
61 60 1 1104 1
61 60 0 1104 1
35 53 1 1104 1
35 53 0 1104 1
54 46 1 1104 1
54 46 0 1104 1
83 29 1 1105 1
83 29 0 1105 1
16 6 1 1105 1
16 6 0 1105 1
17 51 1 1105 1
17 51 0 1105 1
11 43 1 1105 1
11 43 0 1105 1
66 4 1 1105 1
66 4 0 1105 1
10 160 1 1105 0
13 25 1 1105 1
13 25 0 1105 1
35 53 1 1105 1
35 53 0 1105 1
16 29 1 1105 1
16 29 0 1105 1
11 51 1 1105 1
11 51 0 1105 1
73 9 1 1106 1
73 9 0 1106 1
52 89 1 1106 1
52 89 0 1106 1
21 9 1 1106 1
21 9 0 1106 1
79 51 1 1106 1
79 51 0 1106 1
67 63 1 1106 1
67 63 0 1106 1
79 20 1 1106 1
79 20 0 1106 1
5 4 1 1107 1
5 4 0 1107 1
94 35 1 1107 1
94 35 0 1107 1
73 88 1 1107 1
73 88 0 1107 1
79 20 1 1107 1
79 20 0 1107 1
96 16 1 1108 1
96 16 0 1108 1
97 1 1 1108 1
97 1 0 1108 1
93 169 1 1108 0
45 58 1 1108 1
45 58 0 1108 1
87 7 1 1108 1
87 7 0 1108 1
38 168 1 1108 0
20 85 1 1108 1
20 85 0 1108 1
11 51 1 1108 1
11 51 0 1108 1
21 9 1 1108 1
21 9 0 1108 1
67 63 1 1108 1
67 63 0 1108 1
5 29 1 1108 1
5 29 0 1108 1
96 1 1 1108 1
96 1 0 1108 1
25 86 1 1109 1
25 86 0 1109 1
47 37 1 1109 1
47 37 0 1109 1
37 108 1 1109 1
37 108 0 1109 1
83 33 1 1109 1
83 33 0 1109 1
42 118 1 1110 1
42 118 0 1110 1
90 78 1 1110 1
90 78 0 1110 1
63 87 1 1110 1
63 87 0 1110 1
8 6 1 1110 1
8 6 0 1110 1
24 4 1 1110 1
24 4 0 1110 1
17 51 1 1110 1
17 51 0 1110 1
5 29 1 1110 1
5 29 0 1110 1
47 38 1 1110 1
47 38 0 1110 1
83 33 1 1110 1
83 33 0 1110 1
18 33 1 1111 1
18 33 0 1111 1
70 96 1 1111 1
70 96 0 1111 1
42 167 1 1112 0
18 88 1 1112 1
18 88 0 1112 1
88 60 1 1113 1
88 60 0 1113 1
29 59 1 1113 1
29 59 0 1113 1
46 40 1 1113 1
46 40 0 1113 1
22 73 1 1113 1
22 73 0 1113 1
45 58 1 1113 1
45 58 0 1113 1
100 161 0 1113 1
46 102 1 1113 1
46 102 0 1113 1
28 42 1 1114 1
28 42 0 1114 1
65 23 1 1114 1
65 23 0 1114 1
87 7 1 1114 1
87 7 0 1114 1
29 32 1 1114 1
29 32 0 1114 1
58 74 1 1115 1
58 74 0 1115 1
78 109 1 1115 1
78 109 0 1115 1
85 0 1 1115 1
85 0 0 1115 1
25 52 1 1115 1
25 52 0 1115 1
47 38 1 1115 1
47 38 0 1115 1
46 102 1 1115 1
46 102 0 1115 1
4 76 1 1116 1
4 76 0 1116 1
19 32 1 1116 1
19 32 0 1116 1
67 2 1 1116 1
67 2 0 1116 1
4 138 1 1116 1
4 138 0 1116 1
33 1 1 1117 1
33 1 0 1117 1
19 32 1 1117 1
19 32 0 1117 1
49 28 1 1118 1
49 28 0 1118 1
7 69 1 1118 1
7 69 0 1118 1
59 2 1 1118 1
59 2 0 1118 1
88 164 1 1118 0
29 32 1 1118 1
29 32 0 1118 1
79 21 1 1119 1
79 21 0 1119 1
18 88 1 1119 1
18 88 0 1119 1
79 111 1 1119 1
79 111 0 1119 1
84 15 1 1120 1
84 15 0 1120 1
23 4 1 1120 1
23 4 0 1120 1
48 30 1 1120 1
48 30 0 1120 1
73 88 1 1120 1
73 88 0 1120 1
4 138 1 1120 1
4 138 0 1120 1
23 6 1 1120 1
23 6 0 1120 1
40 10 1 1121 1
40 10 0 1121 1
2 73 1 1121 1
2 73 0 1121 1
14 55 1 1121 1
14 55 0 1121 1
52 89 1 1121 1
52 89 0 1121 1
22 73 1 1121 1
22 73 0 1121 1
7 66 1 1121 1
7 66 0 1121 1
50 91 1 1122 1
50 91 0 1122 1
49 49 1 1122 1
49 49 0 1122 1
50 58 1 1122 1
50 58 0 1122 1
30 30 1 1123 1
30 30 0 1123 1
12 4 1 1123 1
12 4 0 1123 1
12 6 1 1123 1
12 6 0 1123 1
51 121 1 1124 1
51 121 0 1124 1
33 1 1 1124 1
33 1 0 1124 1
14 55 1 1124 1
14 55 0 1124 1
30 6 1 1124 1
30 6 0 1124 1
51 103 1 1124 1
51 103 0 1124 1
66 4 1 1125 1
66 4 0 1125 1
16 29 1 1125 1
16 29 0 1125 1
63 87 1 1125 1
63 87 0 1125 1
24 12 1 1125 1
24 12 0 1125 1
84 15 1 1125 1
84 15 0 1125 1
23 6 1 1125 1
23 6 0 1125 1
24 67 1 1125 1
24 67 0 1125 1
54 46 1 1127 1
54 46 0 1127 1
25 52 1 1127 1
25 52 0 1127 1
50 58 1 1127 1
50 58 0 1127 1
32 19 1 1128 1
32 19 0 1128 1
57 9 1 1128 1
57 9 0 1128 1
8 90 1 1128 1
8 90 0 1128 1
5 4 1 1128 1
5 4 0 1128 1
100 18 1 1128 1
100 18 0 1128 1
12 6 1 1128 1
12 6 0 1128 1
37 15 1 1130 1
37 15 0 1130 1
28 42 1 1130 1
28 42 0 1130 1
17 56 1 1131 1
17 56 0 1131 1
51 103 1 1131 1
51 103 0 1131 1
44 70 1 1132 1
44 70 0 1132 1
76 48 1 1132 1
76 48 0 1132 1
97 1 1 1132 1
97 1 0 1132 1
48 168 1 1132 0
49 49 1 1133 1
49 49 0 1133 1
57 9 1 1133 1
57 9 0 1133 1
8 90 1 1133 1
8 90 0 1133 1
5 33 1 1133 1
5 33 0 1133 1
37 15 1 1133 1
37 15 0 1133 1
80 0 1 1134 1
80 0 0 1134 1
20 71 1 1134 1
20 71 0 1134 1
61 60 1 1135 1
61 60 0 1135 1
35 4 1 1135 1
35 4 0 1135 1
94 6 1 1135 1
94 6 0 1135 1
87 4 1 1135 1
87 4 0 1135 1
5 33 1 1135 1
5 33 0 1135 1
94 29 1 1135 1
94 29 0 1135 1
41 9 1 1136 1
41 9 0 1136 1
53 17 1 1136 1
53 17 0 1136 1
71 31 1 1136 1
71 31 0 1136 1
32 166 1 1136 0
76 4 1 1136 1
76 4 0 1136 1
42 167 0 1136 1
22 47 1 1137 1
22 47 0 1137 1
55 110 1 1138 1
55 110 0 1138 1
41 9 1 1138 1
41 9 0 1138 1
42 44 1 1138 1
42 44 0 1138 1
26 16 1 1139 1
26 16 0 1139 1
96 1 1 1140 1
96 1 0 1140 1
85 153 1 1140 1
85 153 0 1140 1
46 39 1 1140 1
46 39 0 1140 1
30 6 1 1140 1
30 6 0 1140 1
63 87 1 1140 1
63 87 0 1140 1
35 4 1 1140 1
35 4 0 1140 1
87 4 1 1140 1
87 4 0 1140 1
94 29 1 1140 1
94 29 0 1140 1
76 4 1 1140 1
76 4 0 1140 1
45 4 1 1141 1
45 4 0 1141 1
45 6 1 1141 1
45 6 0 1141 1
44 162 1 1143 0
4 17 1 1144 1
4 17 0 1144 1
13 15 1 1145 1
13 15 0 1145 1
19 82 1 1145 1
19 82 0 1145 1
18 89 1 1145 1
18 89 0 1145 1
24 67 1 1145 1
24 67 0 1145 1
45 6 1 1146 1
45 6 0 1146 1
23 58 1 1147 1
23 58 0 1147 1
11 52 1 1148 1
11 52 0 1148 1
58 2 1 1148 1
58 2 0 1148 1
67 2 1 1148 1
67 2 0 1148 1
40 10 1 1148 1
40 10 0 1148 1
19 69 1 1148 1
19 69 0 1148 1
1 167 0 1148 1
52 16 1 1149 1
52 16 0 1149 1
17 56 1 1149 1
17 56 0 1149 1
6 33 1 1150 1
6 33 0 1150 1
50 4 1 1150 1
50 4 0 1150 1
28 29 1 1150 1
28 29 0 1150 1
1 39 1 1150 1
1 39 0 1150 1
50 6 1 1150 1
50 6 0 1150 1
78 0 1 1151 1
78 0 0 1151 1
8 19 1 1151 1
8 19 0 1151 1
26 163 1 1151 0
6 1 1 1151 1
6 1 0 1151 1
8 73 1 1151 1
8 73 0 1151 1
79 111 1 1152 1
79 111 0 1152 1
23 58 1 1152 1
23 58 0 1152 1
11 28 1 1152 1
11 28 0 1152 1
29 28 1 1154 1
29 28 0 1154 1
66 6 1 1154 1
66 6 0 1154 1
12 75 1 1154 1
12 75 0 1154 1
37 62 1 1154 1
37 62 0 1154 1
85 169 1 1154 0
63 87 1 1155 1
63 87 0 1155 1
13 15 1 1155 1
13 15 0 1155 1
50 6 1 1155 1
50 6 0 1155 1
66 6 1 1155 1
66 6 0 1155 1
37 108 1 1155 1
37 108 0 1155 1
59 2 1 1156 1
59 2 0 1156 1
57 129 1 1156 1
57 129 0 1156 1
46 142 1 1156 1
46 142 0 1156 1
57 36 1 1156 1
57 36 0 1156 1
19 69 1 1157 1
19 69 0 1157 1
11 28 1 1157 1
11 28 0 1157 1
21 57 1 1158 1
21 57 0 1158 1
94 4 1 1158 1
94 4 0 1158 1
21 23 1 1159 1
21 23 0 1159 1
47 31 1 1160 1
47 31 0 1160 1
73 5 1 1160 1
73 5 0 1160 1
20 71 1 1160 1
20 71 0 1160 1
87 6 1 1160 1
87 6 0 1160 1
76 35 1 1160 1
76 35 0 1160 1
83 46 1 1161 1
83 46 0 1161 1
51 25 1 1161 1
51 25 0 1161 1
52 163 1 1161 0
97 47 1 1162 1
97 47 0 1162 1
35 26 1 1162 1
35 26 0 1162 1
28 168 1 1162 0
29 162 1 1162 0
84 16 1 1163 1
84 16 0 1163 1
6 1 1 1163 1
6 1 0 1163 1
4 161 1 1164 0
79 20 1 1164 1
79 20 0 1164 1
57 36 1 1164 1
57 36 0 1164 1
79 165 1 1164 0
2 82 1 1165 1
2 82 0 1165 1
14 4 1 1165 1
14 4 0 1165 1
25 51 1 1165 1
25 51 0 1165 1
24 6 1 1165 1
24 6 0 1165 1
1 116 1 1165 1
1 116 0 1165 1
66 80 1 1165 1
66 80 0 1165 1
73 5 1 1165 1
73 5 0 1165 1
83 160 1 1165 0
24 29 1 1165 1
24 29 0 1165 1
1 119 1 1165 1
1 119 0 1165 1
70 1 1 1166 1
70 1 0 1166 1
65 9 1 1166 1
65 9 0 1166 1
55 52 1 1166 1
55 52 0 1166 1
30 24 1 1166 1
30 24 0 1166 1
17 51 1 1166 1
17 51 0 1166 1
78 160 1 1166 0
12 168 1 1166 0
76 2 1 1166 1
76 2 0 1166 1
1 119 1 1166 1
1 119 0 1166 1
17 20 1 1166 1
17 20 0 1166 1
22 48 1 1167 1
22 48 0 1167 1
42 29 1 1167 1
42 29 0 1167 1
18 168 1 1167 0
30 24 1 1167 1
30 24 0 1167 1
17 20 1 1167 1
17 20 0 1167 1
100 16 1 1168 1
100 16 0 1168 1
80 1 1 1168 1
80 1 0 1168 1
45 58 1 1168 1
45 58 0 1168 1
46 9 1 1168 1
46 9 0 1168 1
25 51 1 1168 1
25 51 0 1168 1
16 41 1 1169 1
16 41 0 1169 1
49 32 1 1169 1
49 32 0 1169 1
37 108 1 1169 1
37 108 0 1169 1
100 33 1 1169 1
100 33 0 1169 1
63 87 1 1170 1
63 87 0 1170 1
94 4 1 1170 1
94 4 0 1170 1
35 89 1 1170 1
35 89 0 1170 1
24 29 1 1170 1
24 29 0 1170 1
65 4 1 1170 1
65 4 0 1170 1
2 162 1 1171 0
87 168 1 1172 0
59 0 1 1173 1
59 0 0 1173 1
51 163 1 1173 0
45 58 1 1173 1
45 58 0 1173 1
21 23 1 1174 1
21 23 0 1174 1
47 160 1 1175 0
84 163 1 1175 0
66 29 1 1175 1
66 29 0 1175 1
22 168 1 1175 0
7 1 1 1177 1
7 1 0 1177 1
5 18 1 1177 1
5 18 0 1177 1
70 168 1 1178 0
76 2 1 1178 1
76 2 0 1178 1
59 0 1 1178 1
59 0 0 1178 1
7 9 1 1178 1
7 9 0 1178 1
58 73 1 1179 1
58 73 0 1179 1
17 21 1 1179 1
17 21 0 1179 1
16 41 1 1179 1
16 41 0 1179 1
17 111 1 1179 1
17 111 0 1179 1
33 82 1 1180 1
33 82 0 1180 1
54 33 1 1180 1
54 33 0 1180 1
23 4 1 1180 1
23 4 0 1180 1
14 163 1 1180 0
65 12 1 1180 1
65 12 0 1180 1
23 6 1 1180 1
23 6 0 1180 1
65 67 1 1180 1
65 67 0 1180 1
71 10 1 1181 1
71 10 0 1181 1
80 75 1 1181 1
80 75 0 1181 1
63 168 1 1181 0
58 73 1 1181 1
58 73 0 1181 1
67 74 1 1182 1
67 74 0 1182 1
50 91 1 1182 1
50 91 0 1182 1
50 58 1 1182 1
50 58 0 1182 1
1 39 1 1183 1
1 39 0 1183 1
33 28 1 1183 1
33 28 0 1183 1
67 161 1 1184 0
1 167 1 1184 0
23 6 1 1185 1
23 6 0 1185 1
40 11 1 1187 1
40 11 0 1187 1
55 52 1 1187 1
55 52 0 1187 1
66 168 1 1187 0
50 58 1 1187 1
50 58 0 1187 1
41 19 1 1188 1
41 19 0 1188 1
20 72 1 1188 1
20 72 0 1188 1
57 9 1 1188 1
57 9 0 1188 1
5 18 1 1188 1
5 18 0 1188 1
20 85 1 1188 1
20 85 0 1188 1
11 140 1 1189 1
11 140 0 1189 1
42 167 1 1189 0
61 71 1 1190 1
61 71 0 1190 1
37 15 1 1190 1
37 15 0 1190 1
33 28 1 1190 1
33 28 0 1190 1
90 60 1 1191 1
90 60 0 1191 1
19 70 1 1192 1
19 70 0 1192 1
97 48 1 1192 1
97 48 0 1192 1
54 163 1 1192 0
53 16 1 1193 1
53 16 0 1193 1
13 16 1 1193 1
13 16 0 1193 1
17 111 1 1193 1
17 111 0 1193 1
20 85 1 1193 1
20 85 0 1193 1
13 1 1 1193 1
13 1 0 1193 1
59 139 1 1194 1
59 139 0 1194 1
96 10 1 1195 1
96 10 0 1195 1
30 4 1 1195 1
30 4 0 1195 1
100 33 1 1195 1
100 33 0 1195 1
94 4 1 1195 1
94 4 0 1195 1
65 6 1 1195 1
65 6 0 1195 1
23 80 1 1195 1
23 80 0 1195 1
8 9 1 1196 1
8 9 0 1196 1
6 31 1 1196 1
6 31 0 1196 1
35 89 1 1196 1
35 89 0 1196 1
7 9 1 1196 1
7 9 0 1196 1
41 166 1 1196 0
90 164 1 1196 0
76 84 1 1197 1
76 84 0 1197 1
97 29 1 1197 1
97 29 0 1197 1
73 16 1 1198 1
73 16 0 1198 1
40 160 1 1198 0
61 162 1 1198 0
58 100 1 1199 1
58 100 0 1199 1
49 43 1 1200 1
49 43 0 1200 1
57 163 1 1200 0
30 4 1 1200 1
30 4 0 1200 1
8 4 1 1200 1
8 4 0 1200 1
97 29 1 1200 1
97 29 0 1200 1
58 7 1 1200 1
58 7 0 1200 1
49 165 1 1200 0
45 4 1 1201 1
45 4 0 1201 1
80 75 1 1201 1
80 75 0 1201 1
19 162 1 1203 0
71 160 1 1204 0
53 163 1 1205 0
23 29 1 1205 1
23 29 0 1205 1
45 87 1 1205 1
45 87 0 1205 1
58 7 1 1206 1
58 7 0 1206 1
45 87 1 1206 1
45 87 0 1206 1
94 168 1 1207 0
65 168 1 1207 0
25 52 1 1208 1
25 52 0 1208 1
96 10 1 1208 1
96 10 0 1208 1
50 4 1 1210 1
50 4 0 1210 1
37 161 1 1210 0
17 20 1 1210 1
17 20 0 1210 1
73 163 1 1210 0
17 165 1 1210 0
11 165 1 1211 0
25 71 1 1212 1
25 71 0 1212 1
24 41 1 1214 1
24 41 0 1214 1
59 160 1 1215 0
46 57 1 1218 1
46 57 0 1218 1
46 1 1 1218 1
46 1 0 1218 1
21 9 1 1220 1
21 9 0 1220 1
20 71 1 1220 1
20 71 0 1220 1
25 71 1 1220 1
25 71 0 1220 1
76 161 1 1221 0
45 87 1 1221 1
45 87 0 1221 1
21 1 1 1221 1
21 1 0 1221 1
13 1 1 1222 1
13 1 0 1222 1
35 16 1 1223 1
35 16 0 1223 1
46 1 1 1223 1
46 1 0 1223 1
35 33 1 1224 1
35 33 0 1224 1
55 51 1 1225 1
55 51 0 1225 1
33 59 1 1225 1
33 59 0 1225 1
8 4 1 1225 1
8 4 0 1225 1
97 30 1 1225 1
97 30 0 1225 1
80 4 1 1225 1
80 4 0 1225 1
58 4 1 1225 1
58 4 0 1225 1
45 4 1 1225 1
45 4 0 1225 1
8 6 1 1225 1
8 6 0 1225 1
58 6 1 1225 1
58 6 0 1225 1
45 6 1 1225 1
45 6 0 1225 1
97 4 1 1226 1
97 4 0 1226 1
16 29 1 1227 1
16 29 0 1227 1
5 16 1 1228 1
5 16 0 1228 1
20 162 1 1228 0
16 6 1 1228 1
16 6 0 1228 1
23 29 1 1230 1
23 29 0 1230 1
50 4 1 1230 1
50 4 0 1230 1
80 88 1 1230 1
80 88 0 1230 1
8 6 1 1230 1
8 6 0 1230 1
58 6 1 1230 1
58 6 0 1230 1
97 4 1 1230 1
97 4 0 1230 1
16 6 1 1230 1
16 6 0 1230 1
30 15 1 1235 1
30 15 0 1235 1
55 165 1 1238 0
24 41 1 1239 1
24 41 0 1239 1
5 163 1 1240 0
50 12 1 1240 1
50 12 0 1240 1
8 80 1 1240 1
8 80 0 1240 1
50 67 1 1240 1
50 67 0 1240 1
7 19 1 1243 1
7 19 0 1243 1
21 1 1 1244 1
21 1 0 1244 1
80 88 1 1245 1
80 88 0 1245 1
30 15 1 1245 1
30 15 0 1245 1
6 10 1 1246 1
6 10 0 1246 1
25 72 1 1248 1
25 72 0 1248 1
33 162 1 1248 0
25 85 1 1248 1
25 85 0 1248 1
100 18 1 1250 1
100 18 0 1250 1
8 29 1 1250 1
8 29 0 1250 1
13 47 1 1252 1
13 47 0 1252 1
16 24 1 1252 1
16 24 0 1252 1
58 75 1 1254 1
58 75 0 1254 1
8 9 1 1254 1
8 9 0 1254 1
35 33 1 1255 1
35 33 0 1255 1
97 4 1 1255 1
97 4 0 1255 1
50 6 1 1255 1
50 6 0 1255 1
25 85 1 1255 1
25 85 0 1255 1
50 29 1 1255 1
50 29 0 1255 1
96 0 1 1256 1
96 0 0 1256 1
46 31 1 1256 1
46 31 0 1256 1
8 9 1 1256 1
8 9 0 1256 1
55 165 0 1257 1
55 20 1 1257 1
55 20 0 1257 1
16 24 1 1259 1
16 24 0 1259 1
97 4 1 1260 1
97 4 0 1260 1
50 29 1 1260 1
50 29 0 1260 1
58 75 1 1261 1
58 75 0 1261 1
13 166 1 1263 0
100 161 1 1265 0
45 55 1 1266 1
45 55 0 1266 1
46 155 1 1267 1
46 155 0 1267 1
6 10 1 1268 1
6 10 0 1268 1
55 21 1 1269 1
55 21 0 1269 1
45 55 1 1269 1
45 55 0 1269 1
55 111 1 1269 1
55 111 0 1269 1
55 111 1 1272 1
55 111 0 1272 1
13 166 0 1273 1
13 47 1 1273 1
13 47 0 1273 1
23 41 1 1274 1
23 41 0 1274 1
5 163 0 1278 1
46 41 1 1279 1
46 41 0 1279 1
7 164 1 1281 0
25 71 1 1282 1
25 71 0 1282 1
30 16 1 1283 1
30 16 0 1283 1
8 47 1 1283 1
8 47 0 1283 1
23 160 1 1283 0
55 20 1 1284 1
55 20 0 1284 1
30 25 1 1284 1
30 25 0 1284 1
55 165 1 1284 0
80 5 1 1285 1
80 5 0 1285 1
16 4 1 1285 1
16 4 0 1285 1
97 4 1 1285 1
97 4 0 1285 1
50 30 1 1285 1
50 30 0 1285 1
58 4 1 1285 1
58 4 0 1285 1
30 25 1 1285 1
30 25 0 1285 1
97 6 1 1285 1
97 6 0 1285 1
50 6 1 1286 1
50 6 0 1286 1
24 29 1 1287 1
24 29 0 1287 1
96 1 1 1290 1
96 1 0 1290 1
5 6 1 1290 1
5 6 0 1290 1
16 4 1 1290 1
16 4 0 1290 1
58 4 1 1290 1
58 4 0 1290 1
97 6 1 1290 1
97 6 0 1290 1
50 6 1 1290 1
50 6 0 1290 1
24 29 1 1290 1
24 29 0 1290 1
8 166 1 1294 0
46 41 1 1299 1
46 41 0 1299 1
21 82 1 1300 1
21 82 0 1300 1
13 9 1 1300 1
13 9 0 1300 1
16 12 1 1300 1
16 12 0 1300 1
97 80 1 1300 1
97 80 0 1300 1
16 67 1 1300 1
16 67 0 1300 1
13 1 1 1301 1
13 1 0 1301 1
96 163 1 1302 0
80 161 1 1305 0
45 25 1 1306 1
45 168 0 1306 1
21 162 1 1306 0
35 18 1 1310 1
35 18 0 1310 1
97 29 1 1310 1
97 29 0 1310 1
25 72 1 1311 1
25 72 0 1311 1
25 85 1 1311 1
25 85 0 1311 1
6 11 1 1312 1
6 11 0 1312 1
30 26 1 1312 1
30 26 0 1312 1
5 24 1 1312 1
5 24 0 1312 1
13 1 1 1312 1
13 1 0 1312 1
25 85 1 1312 1
25 85 0 1312 1
30 113 1 1312 1
30 113 0 1312 1
50 75 1 1314 1
50 75 0 1314 1
58 4 1 1315 1
58 4 0 1315 1
16 6 1 1315 1
16 6 0 1315 1
55 165 0 1317 1
55 20 1 1317 1
55 20 0 1317 1
45 1 1 1318 1
45 1 0 1318 1
30 113 1 1318 1
30 113 0 1318 1
5 24 1 1319 1
5 24 0 1319 1
97 29 1 1320 1
97 29 0 1320 1
58 4 1 1320 1
58 4 0 1320 1
6 160 1 1323 0
35 161 1 1325 0
50 163 1 1326 0
55 21 1 1329 1
55 21 0 1329 1
55 111 1 1329 1
55 111 0 1329 1
55 111 1 1332 1
55 111 0 1332 1
24 41 1 1334 1
24 41 0 1334 1
25 71 1 1339 1
25 71 0 1339 1
13 47 1 1342 1
13 47 0 1342 1
30 16 1 1343 1
30 16 0 1343 1
24 160 1 1343 0
55 20 1 1344 1
55 20 0 1344 1
30 25 1 1344 1
30 25 0 1344 1
55 165 1 1344 0
5 4 1 1345 1
5 4 0 1345 1
97 30 1 1345 1
97 30 0 1345 1
58 4 1 1345 1
58 4 0 1345 1
30 25 1 1345 1
30 25 0 1345 1
58 6 1 1345 1
58 6 0 1345 1
97 4 1 1346 1
97 4 0 1346 1
46 29 1 1347 1
46 29 0 1347 1
16 6 1 1350 1
16 6 0 1350 1
5 4 1 1350 1
5 4 0 1350 1
58 6 1 1350 1
58 6 0 1350 1
97 4 1 1350 1
97 4 0 1350 1
46 29 1 1350 1
46 29 0 1350 1
13 166 1 1353 0
16 80 1 1360 1
16 80 0 1360 1
5 12 1 1360 1
5 12 0 1360 1
5 67 1 1360 1
5 67 0 1360 1
58 100 1 1366 1
58 100 0 1366 1
25 72 1 1368 1
25 72 0 1368 1
30 26 1 1368 1
30 26 0 1368 1
25 85 1 1368 1
25 85 0 1368 1
30 113 1 1368 1
30 113 0 1368 1
16 29 1 1370 1
16 29 0 1370 1
25 85 1 1372 1
25 85 0 1372 1
45 82 1 1374 1
45 82 0 1374 1
97 4 1 1375 1
97 4 0 1375 1
5 6 1 1375 1
5 6 0 1375 1
46 127 1 1377 1
46 127 0 1377 1
58 166 1 1380 0
46 167 1 1380 0
16 163 1 1385 0
97 163 1 1390 0
5 163 1 1390 0
30 16 1 1393 1
30 16 0 1393 1
45 7 1 1395 1
45 7 0 1395 1
45 7 1 1398 1
45 7 0 1398 1
25 86 1 1404 1
25 86 0 1404 1
30 163 1 1405 0
25 162 1 1413 0
45 4 1 1419 1
45 4 0 1419 1
45 4 1 1424 1
45 4 0 1424 1
45 4 0 1424 404
