vehID FromStopID ToStopID Uhrzeit(Ist) Uhrzeit(Soll) Delay Drive_Continue
1 167 114 251 246 5 yes
2 162 23 256 256 0 yes
3 168 5 270 270 0 yes
1 114 29 270 265 5 yes
4 161 18 273 263 10 yes
5 163 131 274 269 5 yes
6 160 22 276 271 5 yes
7 164 60 278 268 10 yes
8 166 101 281 271 10 yes
2 23 9 285 280 5 yes
6 22 0 285 275 10 yes
10 160 143 289 289 0 yes
11 165 20 290 290 0 yes
12 168 135 290 280 10 yes
11 20 21 290 280 10 yes
13 166 23 291 291 0 yes
14 163 9 291 291 0 yes
7 60 71 293 278 15 yes
15 168 136 295 295 0 yes
16 163 1 295 295 0 yes
3 5 16 295 295 0 yes
17 165 27 296 296 0 yes
18 168 80 298 293 5 yes
4 18 16 298 288 10 yes
19 162 71 300 295 5 yes
10 143 10 300 300 0 yes
13 23 7 300 300 0 yes
14 9 19 303 303 0 yes
20 162 32 304 304 0 yes
12 135 4 305 285 20 yes
15 136 137 305 300 5 yes
6 0 1 307 292 15 yes
16 1 31 307 307 0 yes
21 162 53 308 308 0 yes
15 137 112 312 307 5 yes
22 168 33 313 313 0 yes
23 160 114 313 313 0 yes
19 71 72 313 308 5 yes
24 160 0 315 315 0 yes
25 162 104 316 316 0 yes
11 21 111 317 307 10 yes
26 163 29 318 318 0 yes
27 168 4 318 308 10 yes
5 131 9 318 313 5 yes
15 112 112 318 313 5 yes
13 7 4 319 319 0 yes
1 29 97 320 315 5 yes
18 80 29 320 315 5 yes
28 168 107 323 318 5 yes
29 162 66 324 324 0 yes
17 27 28 324 314 10 yes
15 112 6 324 319 5 yes
21 53 4 325 325 0 yes
22 33 17 325 325 0 yes
30 163 8 326 316 10 yes
23 114 29 326 326 0 yes
31 165 20 327 327 0 yes
8 101 16 327 317 10 yes
25 104 69 327 327 0 yes
11 111 111 327 307 20 yes
31 20 21 327 322 5 yes
20 32 82 328 328 0 yes
3 16 3 329 329 0 yes
32 166 134 330 330 0 yes
33 162 32 330 325 5 yes
24 0 109 330 330 0 yes
26 29 46 330 320 10 yes
29 66 1 330 330 0 yes
34 169 126 332 332 0 yes
35 161 74 333 328 5 yes
36 168 6 333 333 0 yes
37 161 18 333 328 5 yes
38 168 145 334 334 0 yes
39 162 32 334 329 5 yes
2 9 1 335 330 5 yes
18 29 29 335 330 5 yes
3 3 3 335 335 0 yes
40 160 22 336 331 5 yes
41 166 23 336 336 0 yes
1 97 97 336 321 15 yes
42 167 116 337 327 10 yes
43 160 96 337 337 0 yes
13 4 1 338 333 5 yes
44 162 28 339 339 0 yes
16 31 10 340 340 0 yes
27 4 12 340 320 20 yes
15 6 6 340 325 15 yes
35 74 2 340 325 15 yes
45 25 4 341 341 0 yes
2 1 1 341 331 10 yes
46 167 41 342 342 0 yes
47 160 46 343 333 10 yes
48 168 147 343 343 0 yes
49 165 51 343 333 10 yes
50 163 33 343 343 0 yes
32 134 47 343 343 0 yes
31 21 111 344 339 5 yes
3 3 4 344 344 0 yes
51 163 143 345 345 0 yes
10 10 10 345 345 0 yes
34 126 8 345 340 5 yes
36 6 80 345 345 0 yes
18 29 4 345 330 15 yes
40 22 0 345 340 5 yes
41 23 9 345 335 10 yes
45 4 6 345 340 5 yes
38 145 4 347 337 10 yes
44 28 27 347 347 0 yes
52 163 6 348 348 0 yes
53 163 29 348 343 5 yes
54 163 4 348 348 0 yes
55 165 56 348 338 10 yes
4 16 120 348 328 20 yes
14 19 134 348 348 0 yes
11 111 20 348 328 20 yes
13 1 1 348 338 10 yes
56 168 1 349 344 5 yes
31 111 111 349 339 10 yes
45 6 6 350 340 10 yes
57 163 0 352 342 10 yes
58 166 60 352 352 0 yes
1 97 39 352 337 15 yes
12 4 4 353 333 20 yes
28 107 61 353 338 15 yes
37 18 16 353 348 5 yes
48 147 30 353 353 0 yes
59 160 139 355 345 10 yes
21 4 6 355 350 5 yes
50 33 18 355 355 0 yes
36 80 80 355 350 5 yes
6 1 9 356 341 15 yes
19 72 85 357 347 10 yes
42 116 9 357 347 10 yes
47 46 33 357 347 10 yes
3 4 4 357 357 0 yes
33 32 43 359 349 10 yes
60 168 120 360 355 5 yes
43 96 1 360 350 10 yes
52 6 55 360 360 0 yes
54 4 15 360 360 0 yes
13 1 47 360 350 10 yes
21 6 53 360 345 15 yes
3 4 5 360 355 5 yes
46 41 29 361 361 0 yes
10 10 0 361 361 0 yes
61 162 71 362 362 0 yes
62 168 103 362 362 0 yes
40 0 1 362 357 5 yes
36 80 29 362 352 10 yes
63 168 4 363 363 0 yes
7 71 71 363 348 15 yes
39 32 82 363 348 15 yes
32 47 47 363 358 5 yes
64 168 145 364 364 0 yes
2 1 154 364 354 10 yes
34 8 8 364 359 5 yes
25 69 69 365 365 0 yes
15 6 24 365 340 25 yes
49 51 52 365 355 10 yes
53 29 46 365 360 5 yes
45 6 75 365 345 20 yes
5 9 4 366 361 5 yes
56 1 31 366 356 10 yes
14 134 134 367 367 0 yes
19 85 85 367 347 20 yes
24 109 109 368 368 0 yes
30 8 9 369 349 20 yes
20 82 49 369 359 10 yes
14 134 47 369 369 0 yes
65 168 14 370 365 5 yes
66 168 97 370 370 0 yes
67 161 18 370 370 0 yes
23 29 33 370 370 0 yes
27 12 67 370 345 25 yes
48 30 35 370 365 5 yes
61 71 60 370 370 0 yes
32 47 48 370 360 10 yes
34 8 133 370 365 5 yes
68 168 75 371 361 10 yes
69 164 60 372 372 0 yes
6 9 9 372 357 15 yes
60 120 6 372 367 5 yes
70 168 6 373 368 5 yes
4 120 120 373 343 30 yes
31 111 20 373 363 10 yes
23 33 33 374 364 10 yes
51 143 10 375 375 0 yes
63 4 79 375 375 0 yes
5 4 77 375 370 5 yes
71 160 94 376 371 5 yes
28 61 78 376 356 20 yes
8 16 9 377 362 15 yes
64 145 4 377 377 0 yes
25 69 70 377 372 5 yes
69 60 78 377 377 0 yes
72 168 6 378 378 0 yes
73 163 33 378 378 0 yes
17 28 28 378 363 15 yes
74 168 144 379 379 0 yes
55 56 51 379 359 20 yes
75 166 47 380 380 0 yes
76 161 101 380 370 10 yes
38 4 6 380 365 15 yes
12 4 15 380 355 25 yes
7 71 60 380 355 25 yes
66 97 39 380 375 5 yes
75 47 9 380 380 0 yes
78 160 123 381 376 5 yes
22 17 17 381 381 0 yes
62 103 6 381 376 5 yes
20 49 49 381 366 15 yes
29 1 124 383 373 10 yes
18 4 4 383 368 15 yes
44 27 28 384 384 0 yes
16 10 96 385 385 0 yes
11 20 27 385 360 25 yes
1 39 39 385 370 15 yes
36 29 29 385 375 10 yes
65 14 64 385 375 10 yes
67 18 16 385 385 0 yes
16 96 96 385 375 10 yes
59 139 141 386 376 10 yes
57 0 109 387 377 10 yes
23 33 34 388 378 10 yes
63 79 79 388 388 0 yes
58 60 61 389 379 10 yes
14 47 47 389 379 10 yes
48 35 35 389 384 5 yes
79 165 43 390 390 0 yes
60 6 23 390 385 5 yes
70 6 53 390 385 5 yes
72 6 75 390 390 0 yes
73 33 46 390 390 0 yes
78 123 10 390 385 5 yes
63 79 6 390 390 0 yes
79 43 32 390 385 5 yes
26 46 46 392 377 15 yes
80 161 74 393 388 5 yes
6 9 19 393 378 15 yes
5 77 25 393 378 15 yes
8 9 9 393 368 25 yes
81 168 145 394 394 0 yes
50 18 18 394 394 0 yes
82 9 1 395 395 0 yes
35 2 108 395 370 25 yes
54 15 15 395 385 10 yes
3 5 5 395 380 15 yes
24 109 0 395 390 5 yes
27 67 6 395 370 25 yes
34 133 68 395 380 15 yes
71 94 95 395 390 5 yes
38 6 6 395 375 20 yes
82 1 1 396 391 5 yes
28 78 78 397 377 20 yes
20 49 32 397 372 25 yes
48 35 6 397 392 5 yes
37 16 33 398 383 15 yes
19 85 71 398 373 25 yes
68 75 4 399 389 10 yes
41 9 75 400 385 15 yes
33 43 51 400 385 15 yes
13 47 47 400 380 20 yes
31 20 20 400 385 15 yes
64 4 4 400 395 5 yes
36 29 30 400 390 10 yes
14 47 48 400 380 20 yes
80 74 6 400 395 5 yes
52 55 49 401 391 10 yes
40 1 1 401 396 5 yes
17 28 27 402 387 15 yes
82 1 10 402 392 10 yes
83 160 46 403 398 5 yes
76 101 16 403 393 10 yes
66 39 4 403 398 5 yes
50 18 17 403 403 0 yes
84 163 1 404 399 5 yes
21 53 53 404 384 20 yes
63 6 29 404 399 5 yes
71 95 131 404 394 10 yes
18 4 12 405 390 15 yes
85 169 126 406 406 0 yes
10 0 1 407 407 0 yes
4 120 6 407 377 30 yes
81 145 4 407 397 10 yes
42 9 9 408 398 10 yes
56 31 10 409 394 15 yes
74 144 123 409 399 10 yes
63 29 29 409 404 5 yes
32 48 6 410 400 10 yes
75 9 9 410 410 0 yes
26 46 29 410 395 15 yes
64 4 6 410 400 10 yes
45 75 75 411 391 20 yes
15 24 24 412 382 30 yes
83 46 33 412 397 15 yes
29 124 124 413 403 10 yes
40 1 121 413 403 10 yes
37 33 33 414 389 25 yes
46 29 33 415 410 5 yes
49 52 52 415 405 10 yes
51 10 46 415 415 0 yes
1 39 40 415 395 20 yes
60 23 82 415 410 5 yes
54 15 16 415 405 10 yes
33 51 51 415 390 25 yes
52 49 49 415 405 10 yes
63 29 30 415 410 5 yes
53 46 148 416 411 5 yes
55 51 51 416 391 25 yes
22 17 16 416 406 10 yes
59 141 37 416 401 15 yes
72 75 75 416 406 10 yes
25 70 104 417 402 15 yes
78 10 160 417 412 5 no
79 32 32 418 413 5 yes
71 131 131 418 408 10 yes
75 9 19 418 418 0 yes
39 82 66 419 404 15 yes
5 25 25 419 404 15 yes
85 126 132 419 419 0 yes
47 33 29 420 410 10 yes
62 6 2 420 415 5 yes
23 34 54 420 410 10 yes
38 6 80 420 395 25 yes
84 1 10 421 411 10 yes
69 78 78 422 422 0 yes
8 9 19 423 398 25 yes
65 64 13 424 409 15 yes
70 53 53 424 419 5 yes
34 68 68 424 404 20 yes
46 33 33 424 419 5 yes
69 78 60 424 414 10 yes
86 164 60 425 415 10 yes
43 1 88 425 410 15 yes
67 16 88 425 415 10 yes
3 5 16 425 410 15 yes
21 53 4 425 405 20 yes
32 6 6 425 415 10 yes
29 124 2 425 410 15 yes
2 154 71 426 416 10 yes
61 60 60 426 426 0 yes
28 78 60 426 406 20 yes
30 9 9 428 408 20 yes
44 28 49 428 428 0 yes
41 75 75 428 413 15 yes
66 4 4 428 423 5 yes
42 9 156 428 413 15 yes
50 17 17 429 429 0 yes
72 75 4 429 414 15 yes
71 131 9 429 414 15 yes
16 96 1 430 420 10 yes
48 6 3 430 425 5 yes
18 12 67 430 415 15 yes
74 123 10 430 410 20 yes
23 54 54 430 415 15 yes
70 53 4 430 425 5 yes
46 33 118 430 425 5 yes
61 60 61 430 430 0 yes
79 32 43 431 421 10 yes
31 20 21 432 417 15 yes
44 49 32 432 432 0 yes
53 148 148 433 418 15 yes
12 15 15 434 409 25 yes
45 75 4 434 409 25 yes
25 104 104 434 414 20 yes
39 66 66 434 414 20 yes
27 6 29 435 405 30 yes
68 4 29 435 425 10 yes
5 25 15 435 410 25 yes
47 29 46 435 425 10 yes
66 4 12 435 420 15 yes
50 17 18 435 435 0 yes
24 0 160 436 431 5 no
51 46 46 436 436 0 yes
67 88 88 436 426 10 yes
35 108 108 437 412 25 yes
49 52 51 437 422 15 yes
11 27 27 438 413 25 yes
36 30 35 438 423 15 yes
62 2 2 438 423 15 yes
87 168 44 440 435 5 yes
57 109 163 440 430 10 no
81 4 4 440 430 10 yes
65 13 14 440 415 25 yes
86 60 86 440 430 10 yes
43 88 89 440 425 15 yes
32 6 58 440 420 20 yes
2 71 60 440 425 15 yes
73 46 68 441 441 0 yes
10 1 25 441 431 10 yes
55 51 52 443 418 25 yes
41 75 4 444 424 20 yes
33 51 56 445 415 30 yes
52 49 59 445 435 10 yes
18 67 6 445 425 20 yes
51 46 29 445 440 5 yes
20 32 32 446 411 35 yes
68 29 29 446 436 10 yes
15 24 4 447 407 40 yes
34 68 92 447 427 20 yes
63 30 6 448 438 10 yes
19 71 162 449 424 25 no
64 6 29 449 434 15 yes
85 132 133 449 449 0 yes
48 3 3 449 439 10 yes
88 164 60 450 440 10 yes
14 48 163 450 425 25 no
4 6 5 450 420 30 yes
30 9 129 450 425 25 yes
67 88 89 450 440 10 yes
10 25 25 451 436 15 yes
89 168 4 453 453 0 yes
6 19 158 453 438 15 yes
73 68 68 453 453 0 yes
17 27 28 454 434 20 yes
80 6 6 455 450 5 yes
81 4 77 455 440 15 yes
7 60 60 456 431 25 yes
76 16 4 456 446 10 yes
44 32 32 456 451 5 yes
39 66 1 456 436 20 yes
40 121 23 457 447 10 yes
38 80 29 457 422 35 yes
13 47 9 458 438 20 yes
1 40 102 458 438 20 yes
63 6 6 459 444 15 yes
29 2 36 460 445 15 yes
23 54 33 460 435 25 yes
12 15 16 460 435 25 yes
25 104 69 460 435 25 yes
68 29 4 460 445 15 yes
50 18 18 462 462 0 yes
44 32 82 462 457 5 yes
42 156 89 463 448 15 yes
62 2 63 463 448 15 yes
31 21 111 464 449 15 yes
11 27 28 464 439 25 yes
64 29 29 464 449 15 yes
48 3 4 464 449 15 yes
37 33 76 465 430 35 yes
60 82 66 465 455 10 yes
59 37 92 465 450 15 yes
70 4 6 465 460 5 yes
46 118 167 465 450 15 no
79 43 43 465 455 10 yes
27 29 29 465 435 30 yes
66 12 35 465 445 20 yes
87 44 33 465 460 5 yes
88 60 61 465 455 10 yes
89 4 6 465 455 10 yes
80 6 4 465 460 5 yes
82 10 96 467 457 10 yes
36 35 6 467 452 15 yes
75 19 166 468 458 10 no
50 18 16 468 458 10 yes
56 10 10 469 449 20 yes
54 16 163 469 459 10 no
35 108 15 469 444 25 yes
72 4 29 470 455 15 yes
85 133 0 470 465 5 yes
10 25 26 470 455 15 yes
73 68 15 470 470 0 yes
76 4 4 470 460 10 yes
70 6 3 470 465 5 yes
74 10 10 472 452 20 yes
90 164 60 474 474 0 yes
21 4 6 475 450 25 yes
63 6 91 475 460 15 yes
60 66 66 475 465 10 yes
6 158 73 477 462 15 yes
82 96 96 477 467 10 yes
61 61 99 478 468 10 yes
1 102 102 478 448 30 yes
31 111 111 479 454 25 yes
90 60 61 479 474 5 yes
83 33 6 480 465 15 yes
43 89 160 480 465 15 no
18 6 29 480 450 30 yes
64 29 149 480 460 20 yes
79 43 32 480 470 10 yes
32 58 58 482 452 30 yes
20 32 82 482 447 35 yes
22 16 1 483 473 10 yes
81 77 77 483 458 25 yes
3 16 88 484 469 15 yes
26 29 163 485 470 15 no
45 4 4 485 460 25 yes
73 15 15 485 485 0 yes
40 23 23 486 471 15 yes
62 63 63 486 471 15 yes
72 29 29 486 471 15 yes
58 61 66 488 478 10 yes
84 10 96 488 473 15 yes
42 89 89 488 468 20 yes
60 66 19 488 468 20 yes
70 3 7 489 484 5 yes
49 51 51 490 470 20 yes
41 4 166 490 470 20 no
67 89 89 490 480 10 yes
80 4 88 490 485 5 yes
85 0 0 490 480 10 yes
76 4 12 490 475 15 yes
66 35 35 491 471 20 yes
71 9 1 492 477 15 yes
48 4 4 492 477 15 yes
59 92 92 492 477 15 yes
8 19 166 493 458 35 no
65 14 14 493 468 25 yes
86 86 51 493 473 20 yes
22 1 116 493 473 20 yes
73 15 62 493 483 10 yes
29 36 36 494 479 15 yes
16 1 4 495 485 10 yes
53 148 9 495 475 20 yes
52 59 27 495 485 10 yes
44 82 162 495 485 10 no
33 56 56 496 466 30 yes
91 168 0 497 487 10 yes
68 4 9 497 482 15 yes
92 168 29 498 498 0 yes
30 129 36 498 468 30 yes
7 60 61 499 464 35 yes
6 73 73 499 484 15 yes
5 15 15 500 475 25 yes
27 29 4 500 470 30 yes
87 33 23 500 495 5 yes
21 6 6 500 465 35 yes
83 6 58 500 480 20 yes
3 88 88 500 485 15 yes
80 88 5 500 495 5 yes
61 99 99 501 486 15 yes
82 96 1 502 492 10 yes
4 5 5 503 473 30 yes
56 10 0 503 483 20 yes
62 63 2 503 488 15 yes
84 96 96 503 483 20 yes
47 46 160 504 494 10 no
89 6 29 504 484 20 yes
70 7 7 504 489 15 yes
38 29 6 505 465 40 yes
72 29 118 505 490 15 yes
93 169 126 506 496 10 yes
13 9 1 506 481 25 yes
67 89 16 506 496 10 yes
23 33 33 507 482 25 yes
58 66 66 507 497 10 yes
55 52 28 508 483 25 yes
71 1 1 508 493 15 yes
40 23 9 509 494 15 yes
16 4 4 509 489 20 yes
51 29 29 510 495 15 yes
34 92 169 510 485 25 no
36 6 6 510 490 20 yes
1 102 39 510 480 30 yes
18 29 29 510 480 30 yes
81 77 6 510 485 25 yes
48 4 6 510 495 15 yes
92 29 4 510 500 10 yes
2 60 60 511 496 15 yes
64 149 150 511 491 20 yes
79 32 32 511 501 10 yes
49 51 52 513 488 25 yes
69 60 164 514 504 10 no
52 27 28 514 504 10 yes
15 4 6 515 475 40 yes
45 4 6 515 485 30 yes
10 26 113 517 492 25 yes
63 91 58 517 497 20 yes
32 58 4 517 477 40 yes
66 35 6 517 497 20 yes
68 9 9 517 502 15 yes
17 28 49 518 498 20 yes
50 16 33 518 508 10 yes
59 92 31 519 504 15 yes
94 168 54 520 515 5 yes
35 15 15 520 495 25 yes
76 12 2 520 505 15 yes
65 14 64 520 495 25 yes
61 99 82 520 495 25 yes
6 73 9 521 506 15 yes
58 66 1 521 501 20 yes
25 69 162 523 498 25 no
28 60 60 524 504 20 yes
73 62 18 524 509 15 yes
87 23 23 524 519 5 yes
89 29 29 524 504 20 yes
3 88 89 525 510 15 yes
42 89 16 526 506 20 yes
62 2 2 526 511 15 yes
79 32 43 527 517 10 yes
30 36 36 528 493 35 yes
12 16 1 529 494 35 yes
93 126 115 529 519 10 yes
50 33 33 529 509 20 yes
85 0 37 530 510 20 yes
16 4 6 530 505 25 yes
39 1 3 532 512 20 yes
31 111 20 532 497 35 yes
86 51 51 532 512 20 yes
91 0 109 532 522 10 yes
13 1 1 532 502 30 yes
11 28 55 533 508 25 yes
88 61 52 533 523 10 yes
84 96 1 534 509 25 yes
70 7 4 534 519 15 yes
87 23 47 534 529 5 yes
5 15 6 535 500 35 yes
4 5 6 535 500 35 yes
36 6 75 535 510 25 yes
29 36 9 537 517 20 yes
55 28 28 537 502 35 yes
63 58 58 537 517 20 yes
37 76 161 538 503 35 no
74 10 0 538 518 20 yes
71 1 82 539 519 20 yes
21 6 24 540 505 35 yes
68 9 156 540 520 20 yes
94 54 33 540 535 5 yes
83 58 58 542 512 30 yes
92 4 4 542 532 10 yes
10 113 113 542 507 35 yes
17 49 49 542 522 20 yes
76 2 2 543 528 15 yes
62 2 2 543 523 20 yes
33 56 51 544 514 30 yes
20 82 73 545 510 35 yes
23 33 46 545 510 35 yes
51 29 30 545 530 15 yes
18 29 4 545 515 30 yes
48 6 6 545 520 25 yes
89 29 30 545 515 30 yes
38 6 6 546 506 40 yes
35 15 62 547 517 30 yes
93 115 169 548 538 10 no
67 16 1 549 529 20 yes
81 6 29 549 519 30 yes
64 150 150 549 524 25 yes
28 60 61 549 519 30 yes
19 162 28 549 544 5 yes
80 5 5 550 545 5 yes
73 18 16 550 530 20 yes
60 19 73 551 531 20 yes
53 9 163 551 521 30 no
88 52 52 551 536 15 yes
27 4 4 553 523 30 yes
72 118 44 553 533 20 yes
15 6 6 555 510 45 yes
22 116 116 556 526 30 yes
87 47 47 557 547 10 yes
39 3 3 558 533 25 yes
92 4 6 560 540 20 yes
80 5 6 560 555 5 yes
11 55 55 561 536 25 yes
63 58 4 562 542 20 yes
19 28 27 562 552 10 yes
90 61 66 563 558 5 yes
61 82 162 563 533 30 no
13 1 31 563 533 30 yes
12 1 82 564 529 35 yes
1 39 40 565 535 30 yes
45 6 168 565 530 35 no
66 6 4 565 545 20 yes
79 43 43 565 555 10 yes
30 36 9 565 520 45 yes
82 1 9 567 552 15 yes
94 33 1 567 562 5 yes
52 28 66 568 558 10 yes
87 47 48 568 548 20 yes
56 0 1 569 549 20 yes
67 1 1 569 549 20 yes
3 89 89 570 555 15 yes
86 51 56 570 550 20 yes
70 4 6 570 555 15 yes
60 73 9 571 551 20 yes
88 52 51 572 557 15 yes
94 1 1 573 568 5 yes
65 64 13 574 549 25 yes
72 44 44 574 554 20 yes
50 33 18 575 550 25 yes
16 6 163 575 540 35 no
48 6 3 575 550 25 yes
40 9 4 576 561 15 yes
55 28 27 577 542 35 yes
83 58 4 577 537 40 yes
90 66 66 577 567 10 yes
49 52 32 578 553 25 yes
10 113 16 578 543 35 yes
2 60 78 579 559 20 yes
42 16 33 579 559 20 yes
31 20 20 579 544 35 yes
81 29 29 579 549 30 yes
59 31 160 580 565 15 no
91 109 109 580 565 15 yes
68 156 22 580 555 25 yes
79 43 32 580 565 15 yes
6 9 4 581 561 20 yes
29 9 73 581 561 20 yes
52 66 1 581 571 10 yes
76 2 63 583 568 15 yes
82 9 9 583 568 15 yes
94 1 31 583 578 5 yes
39 3 4 584 549 35 yes
93 169 126 584 584 0 yes
32 4 166 585 535 50 no
70 6 6 585 570 15 yes
36 75 75 586 561 25 yes
66 4 4 586 566 20 yes
3 89 16 586 561 25 yes
51 30 6 588 573 15 yes
90 66 19 588 578 10 yes
11 55 4 589 564 25 yes
38 6 45 590 540 50 yes
27 4 12 590 560 30 yes
22 116 9 590 555 35 yes
33 51 51 591 556 35 yes
17 49 32 592 562 30 yes
67 1 31 593 573 20 yes
62 2 2 595 575 20 yes
40 4 12 595 580 15 yes
58 1 87 597 577 20 yes
93 126 115 597 597 0 yes
18 4 4 598 568 30 yes
35 62 108 598 563 35 yes
92 6 6 600 575 25 yes
65 13 14 600 575 25 yes
42 33 118 600 580 20 yes
21 24 24 601 556 45 yes
89 30 78 603 573 30 yes
85 37 38 604 579 25 yes
74 0 1 604 584 20 yes
51 6 6 604 589 15 yes
7 61 78 605 570 35 yes
64 150 9 605 575 30 yes
15 6 90 605 560 45 yes
80 6 6 605 600 5 yes
63 4 6 605 575 30 yes
6 4 15 605 585 20 yes
70 6 90 605 590 15 yes
76 63 63 606 586 20 yes
93 115 126 606 606 0 yes
20 73 73 607 572 35 yes
19 27 28 609 589 20 yes
5 6 6 610 575 35 yes
4 6 29 610 575 35 yes
81 29 30 610 570 40 yes
91 109 0 610 595 15 yes
86 56 164 611 591 20 no
73 16 4 613 583 30 yes
84 1 163 614 589 25 no
48 3 3 614 589 25 yes
82 9 47 614 599 15 yes
36 75 4 614 579 35 yes
71 82 104 615 595 20 yes
80 6 100 615 610 5 yes
93 126 126 616 616 0 yes
31 20 21 617 572 45 yes
72 44 29 618 598 20 yes
79 32 32 618 598 20 yes
1 40 102 620 585 35 yes
51 6 91 620 595 25 yes
87 48 30 621 596 25 yes
94 31 10 621 616 5 yes
58 87 87 622 602 20 yes
56 1 25 623 598 25 yes
49 32 32 623 598 25 yes
29 73 73 624 604 20 yes
88 51 51 625 605 20 yes
40 12 160 625 600 25 no
13 31 10 626 591 35 yes
76 63 2 628 608 20 yes
68 22 22 629 604 25 yes
33 51 56 630 595 35 yes
92 6 3 630 605 25 yes
85 38 38 630 605 25 yes
23 46 46 631 596 35 yes
39 4 4 632 597 35 yes
8 166 73 633 633 0 yes
35 108 108 634 599 35 yes
27 12 67 635 605 30 yes
18 4 6 635 605 30 yes
63 6 6 635 595 40 yes
60 9 168 636 616 20 no
70 90 90 638 618 20 yes
80 100 7 639 629 10 yes
93 126 115 639 639 0 yes
30 9 47 640 595 45 yes
66 4 26 640 620 20 yes
90 19 73 641 631 10 yes
7 78 78 641 606 35 yes
8 73 82 641 641 0 yes
62 2 2 643 613 30 yes
10 16 1 644 604 40 yes
3 16 168 644 619 25 no
48 3 4 644 619 25 yes
83 4 9 645 605 40 yes
4 29 29 645 610 35 yes
58 87 87 645 625 20 yes
17 32 32 646 616 30 yes
67 31 10 646 626 20 yes
71 104 104 646 626 20 yes
79 32 43 646 626 20 yes
29 73 82 646 616 30 yes
50 18 18 647 622 25 yes
52 1 163 647 637 10 no
21 24 4 647 602 45 yes
73 4 4 647 607 40 yes
56 25 25 648 623 25 yes
93 115 169 648 638 10 no
55 27 27 649 604 45 yes
42 118 167 650 630 20 no
5 6 55 650 610 40 yes
87 30 4 650 615 35 yes
88 51 56 650 630 20 yes
80 7 7 650 635 15 yes
20 73 100 651 611 40 yes
82 47 151 651 631 20 yes
90 73 9 651 641 10 yes
65 14 14 653 628 25 yes
12 82 66 655 620 35 yes
11 4 6 655 630 25 yes
1 102 102 655 620 35 yes
64 9 1 656 626 30 yes
76 2 2 656 636 20 yes
74 1 47 658 638 20 yes
2 78 78 659 639 20 yes
38 45 45 659 599 60 yes
68 22 0 660 635 25 yes
85 38 31 660 625 35 yes
89 78 78 661 631 30 yes
91 0 46 661 646 15 yes
70 90 19 663 638 25 yes
6 15 74 665 645 20 yes
27 67 67 665 630 35 yes
25 162 49 666 656 10 yes
72 29 29 667 637 30 yes
28 61 24 668 638 30 yes
15 90 90 668 623 45 yes
49 32 82 668 643 25 yes
22 9 4 669 624 45 yes
92 3 3 669 644 25 yes
23 46 29 670 625 45 yes
39 4 35 670 635 35 yes
94 10 10 671 666 5 yes
82 151 47 671 641 30 yes
51 91 58 672 637 35 yes
19 28 162 673 653 20 no
31 21 111 674 629 45 yes
36 4 6 675 630 45 yes
71 104 69 675 645 30 yes
56 25 15 675 645 30 yes
17 32 82 677 647 30 yes
81 30 4 678 638 40 yes
50 18 16 678 643 35 yes
76 2 74 678 658 20 yes
35 108 15 679 639 40 yes
63 6 42 680 640 40 yes
58 87 42 680 655 25 yes
65 14 64 680 655 25 yes
11 6 6 680 650 30 yes
2 78 107 680 660 20 yes
7 78 60 681 641 40 yes
48 4 6 682 657 25 yes
25 49 32 682 672 10 yes
10 1 1 684 639 45 yes
18 6 29 685 650 35 yes
8 82 66 685 685 0 yes
4 29 135 685 640 45 yes
8 66 66 685 685 0 yes
33 56 56 686 646 40 yes
87 4 6 686 646 40 yes
66 26 113 687 667 20 yes
64 1 1 687 657 30 yes
8 66 19 688 688 0 yes
91 46 46 689 664 25 yes
83 9 9 690 650 40 yes
79 43 43 690 665 25 yes
12 66 66 690 655 35 yes
88 56 164 691 671 20 no
89 78 60 692 652 40 yes
37 161 74 693 693 0 yes
37 74 2 695 695 0 yes
92 3 4 699 664 35 yes
73 4 6 700 655 45 yes
68 0 1 700 675 25 yes
72 29 4 700 670 30 yes
82 47 48 701 661 40 yes
6 74 74 703 673 30 yes
94 10 0 703 688 15 yes
30 47 47 705 650 55 yes
27 67 6 705 670 35 yes
13 10 96 706 671 35 yes
90 9 9 706 686 20 yes
70 19 73 706 681 25 yes
51 58 58 707 672 35 yes
48 6 6 707 677 30 yes
66 113 113 707 687 20 yes
2 107 78 708 688 20 yes
80 7 4 709 694 15 yes
20 100 49 709 664 45 yes
74 47 47 710 690 20 yes
28 24 24 710 680 30 yes
62 2 2 711 681 30 yes
67 10 96 711 691 20 yes
1 102 39 713 668 45 yes
58 42 42 715 685 30 yes
11 6 100 715 685 30 yes
91 46 29 715 690 25 yes
25 32 32 716 706 10 yes
15 90 19 718 673 45 yes
22 4 4 718 673 45 yes
31 111 111 719 664 55 yes
81 4 4 719 679 40 yes
29 82 162 720 690 30 no
21 4 1 720 675 45 yes
36 6 6 720 670 50 yes
18 29 29 720 680 40 yes
79 43 32 720 695 25 yes
64 1 82 724 689 35 yes
39 35 35 725 690 35 yes
12 66 1 726 681 45 yes
25 32 82 727 707 20 yes
90 9 19 728 703 25 yes
5 55 55 731 691 40 yes
8 19 73 731 731 0 yes
70 73 9 731 701 30 yes
74 47 57 731 711 20 yes
67 96 96 731 701 30 yes
8 73 9 731 726 5 yes
49 82 56 734 709 25 yes
65 64 13 734 709 25 yes
38 45 29 735 675 60 yes
17 82 49 735 700 35 yes
37 2 4 735 735 0 yes
2 78 78 736 716 20 yes
76 74 161 737 717 20 no
63 42 42 739 694 45 yes
85 31 0 740 705 35 yes
4 135 4 740 690 50 yes
6 74 2 740 710 30 yes
48 6 4 740 710 30 yes
14 163 109 740 740 0 yes
13 96 96 741 696 45 yes
71 69 52 743 713 30 yes
83 9 19 743 693 50 yes
62 2 63 743 713 30 yes
33 56 51 744 694 50 yes
35 15 15 745 705 40 yes
80 4 6 745 730 15 yes
92 4 4 747 702 45 yes
51 58 4 747 712 35 yes
56 15 15 750 715 35 yes
37 4 6 750 750 0 yes
72 4 4 752 722 30 yes
50 16 6 753 718 35 yes
55 27 28 754 704 50 yes
87 6 29 755 710 45 yes
27 6 4 755 710 45 yes
58 42 29 755 725 30 yes
14 109 0 755 755 0 yes
28 24 4 757 727 30 yes
66 113 16 758 738 20 yes
68 1 33 759 734 25 yes
10 1 10 760 710 50 yes
81 4 79 760 720 40 yes
65 13 14 760 735 25 yes
80 6 6 760 745 15 yes
94 0 1 764 749 15 yes
11 100 69 764 734 30 yes
22 4 26 765 710 55 yes
30 47 57 766 711 55 yes
79 32 32 766 731 35 yes
39 35 6 767 732 35 yes
74 57 1 768 748 20 yes
21 1 10 770 720 50 yes
18 29 4 770 730 40 yes
37 6 88 770 765 5 yes
82 48 6 771 731 40 yes
17 49 49 772 737 35 yes
73 6 6 774 724 50 yes
5 55 4 774 734 40 yes
23 29 29 775 720 55 yes
20 49 49 775 730 45 yes
36 6 75 775 725 50 yes
25 82 28 775 755 20 yes
85 0 0 775 740 35 yes
71 52 52 777 747 30 yes
37 88 88 779 774 5 yes
80 6 24 780 765 15 yes
15 19 73 781 726 55 yes
8 9 88 781 776 5 yes
62 63 63 781 751 30 yes
2 78 60 782 762 20 yes
1 39 39 783 738 45 yes
67 96 1 784 749 35 yes
49 56 56 784 759 25 yes
68 33 33 784 759 25 yes
37 88 5 785 780 5 yes
29 162 66 785 785 0 yes
8 88 88 787 782 5 yes
31 111 20 788 733 55 yes
74 1 33 788 768 20 yes
48 4 4 790 750 40 yes
56 15 6 790 750 40 yes
72 4 12 790 760 30 yes
14 0 0 791 786 5 yes
29 66 1 791 791 0 yes
32 166 29 791 786 5 yes
50 6 6 793 758 35 yes
35 15 6 795 755 40 yes
92 4 35 795 745 50 yes
16 163 6 795 795 0 yes
9 168 9 796 786 10 yes
25 28 28 798 778 20 yes
26 163 33 798 788 10 yes
7 60 60 799 749 50 yes
91 29 4 800 770 30 yes
63 42 29 800 750 50 yes
87 29 29 800 755 45 yes
19 162 71 800 800 0 yes
27 4 4 801 756 45 yes
90 19 52 803 778 25 yes
52 163 33 803 803 0 yes
89 60 60 804 764 40 yes
53 163 50 804 799 5 yes
6 2 160 805 770 35 no
51 4 29 805 760 45 yes
58 29 45 805 775 30 yes
41 166 23 805 800 5 yes
70 9 4 806 776 30 yes
13 96 1 807 752 55 yes
79 32 43 807 772 35 yes
16 6 50 807 797 10 yes
74 33 18 808 788 20 yes
19 71 60 808 798 10 yes
66 16 1 809 789 20 yes
59 160 133 810 805 5 yes
33 51 51 811 761 50 yes
71 52 51 812 772 40 yes
81 79 79 813 773 40 yes
65 14 4 813 783 30 yes
94 1 90 813 798 15 yes
62 63 2 813 783 30 yes
68 33 34 813 788 25 yes
54 163 6 813 813 0 yes
11 69 69 814 779 35 yes
64 82 66 815 775 40 yes
38 29 6 815 745 70 yes
28 4 6 815 785 30 yes
32 29 46 815 810 5 yes
52 33 146 815 810 5 yes
82 6 6 816 776 40 yes
9 9 57 818 808 10 yes
53 50 6 819 814 5 yes
41 23 9 819 814 5 yes
59 133 81 819 814 5 yes
4 4 33 820 765 55 yes
8 88 5 820 810 10 yes
26 33 76 820 805 15 yes
80 24 24 821 801 20 yes
17 49 59 823 788 35 yes
20 49 59 823 768 55 yes
49 56 51 824 799 25 yes
40 160 10 824 824 0 yes
73 6 91 825 775 50 yes
85 0 37 825 790 35 yes
54 6 58 825 825 0 yes
12 1 4 827 777 50 yes
14 0 109 827 822 5 yes
25 28 27 827 802 25 yes
66 1 1 829 809 20 yes
39 6 29 830 795 35 yes
91 4 4 830 800 30 yes
18 4 29 832 792 40 yes
23 29 4 835 770 65 yes
37 5 161 835 820 15 no
72 12 67 835 805 30 yes
15 73 9 836 771 65 yes
30 57 7 838 783 55 yes
1 39 142 840 795 45 yes
48 4 35 840 800 40 yes
50 6 58 840 805 35 yes
70 4 117 840 805 35 yes
94 90 90 840 825 15 yes
80 24 4 842 822 20 yes
83 19 23 843 793 50 yes
59 81 81 843 838 5 yes
58 45 45 844 814 30 yes
28 6 90 845 810 35 yes
87 29 30 846 801 45 yes
52 146 130 846 836 10 yes
22 26 93 847 792 55 yes
29 1 6 847 847 0 yes
54 58 58 847 847 0 yes
55 28 28 848 788 60 yes
40 10 0 848 843 5 yes
89 60 61 849 809 40 yes
27 4 65 850 805 45 yes
66 1 10 850 830 20 yes
36 75 75 851 801 50 yes
51 29 29 851 801 50 yes
62 2 2 851 816 35 yes
57 163 1 851 851 0 yes
29 6 6 852 852 0 yes
54 58 4 852 852 0 yes
7 60 78 854 799 55 yes
65 4 4 854 824 30 yes
5 4 29 855 815 40 yes
81 79 6 855 810 45 yes
64 66 66 855 815 40 yes
90 52 52 857 827 30 yes
11 69 70 857 822 35 yes
52 130 130 857 847 10 yes
59 81 15 859 854 5 yes
31 20 165 860 805 55 no
68 34 54 860 835 25 yes
82 6 42 861 821 40 yes
33 51 52 863 803 60 yes
57 1 31 863 858 5 yes
10 10 10 865 810 55 yes
92 35 35 865 815 50 yes
39 29 29 865 820 45 yes
91 4 26 865 830 35 yes
72 67 67 865 825 40 yes
49 51 51 866 841 25 yes
74 18 18 867 842 25 yes
94 90 19 868 853 15 yes
95 165 43 870 865 5 yes
56 6 50 870 830 40 yes
63 29 168 870 815 55 no
79 43 43 870 835 35 yes
14 109 109 870 855 15 yes
29 6 90 870 865 5 yes
26 76 101 873 858 15 yes
18 29 29 873 833 40 yes
75 166 73 873 873 0 yes
2 60 60 874 844 30 yes
19 60 60 874 864 10 yes
32 46 46 874 859 15 yes
21 10 10 875 825 50 yes
35 6 6 875 835 40 yes
8 5 5 875 865 10 yes
58 45 29 875 845 30 yes
59 15 133 875 865 10 yes
95 43 32 875 860 15 yes
67 1 4 876 841 35 yes
41 9 9 876 871 5 yes
9 57 23 878 868 10 yes
53 6 29 878 868 10 yes
52 130 16 879 869 10 yes
16 50 50 880 865 15 yes
4 33 33 880 825 55 yes
54 4 6 880 880 0 yes
54 6 6 880 880 0 yes
12 4 4 881 831 50 yes
75 73 82 881 876 5 yes
41 9 57 883 878 5 yes
65 4 6 885 855 30 yes
68 54 54 885 850 35 yes
54 6 58 885 885 0 yes
38 6 6 886 806 80 yes
62 2 2 888 843 45 yes
53 29 29 888 873 15 yes
25 27 28 889 859 30 yes
9 23 23 889 869 20 yes
71 51 51 890 850 40 yes
80 4 4 890 870 20 yes
32 46 29 890 865 25 yes
8 5 16 890 875 15 yes
29 90 90 893 888 5 yes
49 51 56 895 870 25 yes
5 29 29 896 856 40 yes
50 58 58 897 857 40 yes
17 59 28 898 853 45 yes
28 90 1 898 863 35 yes
26 101 101 898 878 20 yes
40 0 1 899 889 10 yes
64 66 1 899 849 50 yes
48 35 35 900 855 45 yes
83 23 23 900 845 55 yes
14 109 0 900 875 25 yes
30 7 7 901 846 55 yes
1 142 97 901 851 50 yes
57 31 10 901 896 5 yes
94 19 73 901 886 15 yes
73 91 58 902 852 50 yes
45 168 75 902 892 10 yes
77 168 6 903 903 0 yes
74 18 16 903 868 35 yes
29 90 19 903 888 15 yes
86 164 73 903 903 0 yes
36 75 4 904 854 50 yes
70 117 168 905 870 35 no
51 29 30 905 855 50 yes
53 29 41 905 890 15 yes
54 58 58 907 907 0 yes
2 60 61 909 879 30 yes
79 43 32 910 870 40 yes
16 50 25 910 895 15 yes
22 93 16 912 852 60 yes
54 58 4 912 902 10 yes
95 32 32 913 898 15 yes
85 37 38 914 869 45 yes
81 6 6 914 869 45 yes
27 65 65 915 870 45 yes
67 4 4 915 880 35 yes
80 4 35 915 890 25 yes
77 6 42 915 905 10 yes
59 133 160 916 901 15 no
52 16 1 916 906 10 yes
94 73 9 916 896 20 yes
84 163 9 916 911 5 yes
13 1 6 917 852 65 yes
90 52 51 917 887 30 yes
20 59 32 918 853 65 yes
87 30 6 919 874 45 yes
44 162 49 919 919 0 yes
82 42 42 920 875 45 yes
18 29 4 920 880 40 yes
35 6 24 920 880 40 yes
43 160 0 920 920 0 yes
23 4 9 922 857 65 yes
92 35 6 922 872 50 yes
9 23 9 924 904 20 yes
66 10 96 925 900 25 yes
72 67 6 925 880 45 yes
58 29 29 925 890 35 yes
44 49 59 925 925 0 yes
52 1 1 926 916 10 yes
93 169 126 926 926 0 yes
11 70 56 927 892 35 yes
91 26 113 927 892 35 yes
47 160 0 927 922 5 yes
39 29 30 930 885 45 yes
75 82 66 930 915 15 yes
45 75 4 930 910 20 yes
10 10 0 933 878 55 yes
71 51 52 933 888 45 yes
84 9 57 933 928 5 yes
12 4 6 935 880 55 yes
65 6 29 935 905 30 yes
68 54 33 935 900 35 yes
43 0 37 935 930 5 yes
29 19 23 936 916 20 yes
95 32 43 936 921 15 yes
21 10 0 938 883 55 yes
41 57 166 938 933 5 no
93 126 115 939 939 0 yes
5 29 46 940 900 40 yes
49 56 56 941 906 35 yes
86 73 100 941 931 10 yes
50 58 4 942 897 45 yes
40 1 6 943 933 10 yes
42 167 54 943 943 0 yes
96 163 65 944 944 0 yes
77 42 42 944 934 10 yes
4 33 18 945 885 60 yes
28 1 10 945 905 40 yes
26 101 16 945 915 30 yes
75 66 66 945 930 15 yes
15 9 9 946 871 75 yes
55 28 27 947 887 60 yes
47 0 109 947 932 15 yes
97 163 1 948 938 10 yes
93 115 126 948 948 0 yes
8 16 25 949 929 20 yes
54 4 4 950 940 10 yes
66 96 96 950 925 25 yes
57 10 96 951 941 10 yes
48 35 6 952 897 55 yes
1 97 97 952 902 50 yes
73 58 58 952 892 60 yes
89 61 69 954 914 40 yes
52 1 47 955 945 10 yes
42 54 33 955 945 10 yes
96 65 6 957 957 0 yes
40 6 6 958 948 10 yes
93 126 126 958 958 0 yes
85 38 38 960 915 45 yes
67 4 79 960 925 35 yes
80 35 35 960 925 35 yes
14 0 97 961 926 35 yes
57 96 96 961 951 10 yes
91 113 113 962 917 45 yes
33 52 49 963 898 65 yes
25 28 83 963 928 35 yes
17 28 28 963 913 50 yes
29 23 23 963 943 20 yes
75 66 19 963 938 25 yes
30 7 4 964 909 55 yes
53 41 41 964 939 25 yes
87 6 6 965 910 55 yes
58 29 30 965 930 35 yes
44 59 51 965 965 0 yes
65 29 29 965 935 30 yes
54 4 6 965 955 10 yes
88 164 60 965 965 0 yes
37 161 17 965 955 10 yes
56 50 50 968 918 50 yes
98 162 69 969 969 0 yes
7 78 78 969 904 65 yes
86 100 78 969 959 10 yes
38 6 45 970 885 85 yes
77 42 29 970 955 15 yes
97 1 10 970 960 10 yes
8 25 25 970 950 20 yes
88 60 61 970 970 0 yes
62 2 2 971 916 55 yes
27 65 6 972 927 45 yes
79 32 32 973 923 50 yes
32 29 29 975 950 25 yes
16 25 50 975 955 20 yes
81 6 121 975 920 55 yes
95 43 43 975 960 15 yes
45 4 4 976 956 20 yes
61 162 78 976 966 10 yes
98 69 70 977 972 5 yes
11 56 56 978 943 35 yes
19 60 71 979 969 10 yes
36 4 6 980 930 50 yes
40 6 58 980 970 10 yes
74 16 33 981 946 35 yes
94 9 9 981 961 20 yes
82 42 29 981 936 45 yes
18 4 4 982 932 50 yes
66 96 1 982 957 25 yes
51 30 6 983 933 50 yes
20 32 32 984 909 75 yes
90 51 51 985 955 30 yes
96 6 4 985 985 0 yes
35 24 7 986 936 50 yes
96 4 4 986 986 0 yes
13 6 6 987 912 75 yes
42 33 25 987 977 10 yes
44 51 51 987 982 5 yes
84 57 23 988 973 15 yes
24 160 93 989 984 5 yes
72 6 29 990 945 45 yes
96 4 6 990 990 0 yes
78 160 68 991 991 0 yes
23 9 9 992 927 65 yes
68 33 4 992 957 35 yes
44 51 52 993 983 10 yes
41 166 73 993 983 10 yes
83 23 47 994 934 60 yes
43 37 38 994 979 15 yes
49 56 51 994 959 35 yes
57 96 1 994 979 15 yes
52 47 104 995 975 20 yes
37 17 18 995 975 20 yes
95 43 32 995 980 15 yes
9 9 3 996 976 20 yes
86 78 78 998 988 10 yes
42 25 25 998 988 10 yes
46 167 44 998 998 0 yes
93 126 115 999 999 0 yes
29 23 9 999 969 30 yes
92 6 4 1000 945 55 yes
47 109 109 1000 975 25 yes
61 78 107 1000 980 20 yes
46 44 33 1000 995 5 yes
89 69 70 1001 961 40 yes
45 4 6 1001 971 30 yes
64 1 75 1002 942 60 yes
80 35 6 1002 962 40 yes
39 30 6 1003 958 45 yes
25 83 83 1003 968 35 yes
94 9 19 1003 978 25 yes
59 160 46 1003 1003 0 yes
99 169 126 1004 1004 0 yes
54 6 6 1004 994 10 yes
16 50 50 1004 984 20 yes
84 23 23 1004 989 15 yes
65 29 4 1005 975 30 yes
77 29 6 1005 990 15 yes
32 29 46 1005 980 25 yes
78 68 15 1005 1005 0 yes
59 46 33 1007 1007 0 yes
67 79 2 1008 963 45 yes
91 113 6 1008 958 50 yes
93 115 169 1008 1003 5 no
63 168 29 1008 1003 5 yes
53 41 29 1009 984 25 yes
22 16 33 1010 950 60 yes
85 38 31 1010 965 45 yes
96 6 33 1010 1000 10 yes
43 38 38 1010 995 15 yes
42 25 15 1010 1000 10 yes
41 73 82 1011 991 20 yes
2 61 78 1012 977 35 yes
40 58 58 1012 1002 10 yes
11 56 51 1014 979 35 yes
50 4 4 1015 970 45 yes
26 16 1 1015 985 30 yes
1 97 39 1015 965 50 yes
8 25 26 1015 985 30 yes
54 6 91 1015 1005 10 yes
24 93 6 1016 1001 15 yes
73 58 4 1017 957 60 yes
98 70 104 1017 1012 5 yes
74 33 33 1017 972 45 yes
99 126 115 1017 1017 0 yes
71 52 49 1018 973 45 yes
14 97 97 1018 983 35 yes
17 28 59 1018 968 50 yes
90 51 52 1018 978 40 yes
12 6 6 1019 964 55 yes
78 15 15 1020 1015 5 yes
87 6 45 1021 966 55 yes
56 50 6 1021 971 50 yes
77 6 6 1021 1006 15 yes
9 3 3 1022 997 25 yes
15 9 19 1023 948 75 yes
96 33 33 1024 1014 10 yes
98 104 104 1024 1009 15 yes
100 161 17 1025 1025 0 yes
63 29 4 1025 1010 15 yes
99 115 126 1026 1026 0 yes
40 58 4 1027 1007 20 yes
58 30 6 1028 983 45 yes
88 61 78 1028 1028 0 yes
62 2 63 1028 963 65 yes
61 107 78 1028 1008 20 yes
88 78 78 1029 1029 0 yes
36 6 6 1030 980 50 yes
43 38 31 1030 1010 20 yes
75 19 73 1031 1006 25 yes
79 32 43 1031 981 50 yes
68 4 4 1031 986 45 yes
95 32 32 1031 1006 25 yes
33 49 32 1032 957 75 yes
86 78 60 1032 1022 10 yes
16 50 25 1033 1003 30 yes
10 0 1 1034 974 60 yes
5 46 0 1034 989 45 yes
51 6 6 1034 984 50 yes
84 23 9 1034 1019 15 yes
48 6 87 1035 980 55 yes
7 78 107 1035 960 75 yes
97 10 10 1035 1025 10 yes
72 29 4 1035 990 45 yes
46 33 29 1035 1030 5 yes
96 33 18 1035 1015 20 yes
99 126 126 1036 1026 10 yes
52 104 104 1038 1008 30 yes
21 0 98 1039 979 60 yes
28 10 10 1040 995 45 yes
30 4 163 1040 985 55 no
18 4 6 1040 990 50 yes
37 18 108 1040 1015 25 yes
47 109 0 1040 1015 25 yes
25 83 71 1040 995 45 yes
78 15 68 1040 1035 5 yes
44 52 49 1043 1023 20 yes
55 27 28 1044 974 70 yes
19 71 69 1044 1024 20 yes
27 6 6 1045 990 55 yes
26 1 1 1045 1015 30 yes
98 104 69 1045 1030 15 yes
100 17 122 1045 1040 5 yes
46 29 30 1045 1030 15 yes
82 29 4 1046 1001 45 yes
35 7 7 1046 986 60 yes
49 51 51 1046 1011 35 yes
2 78 78 1048 1008 40 yes
39 6 6 1049 1004 45 yes
88 78 60 1050 1050 0 yes
45 6 6 1051 1011 40 yes
4 18 161 1052 992 60 no
54 91 58 1052 1042 10 yes
77 6 75 1055 1040 15 yes
92 4 4 1056 996 60 yes
61 78 78 1056 1026 30 yes
75 73 9 1056 1021 35 yes
65 4 4 1057 1027 30 yes
23 9 19 1058 988 70 yes
97 10 0 1058 1048 10 yes
9 3 4 1059 1024 35 yes
100 122 161 1059 1049 10 no
59 33 29 1060 1060 0 yes
14 97 39 1060 1025 35 yes
78 68 0 1060 1055 5 yes
66 1 9 1062 1037 25 yes
63 4 4 1062 1042 20 yes
95 32 43 1062 1032 30 yes
54 58 58 1062 1042 20 yes
67 2 2 1063 1018 45 yes
74 33 76 1063 1008 55 yes
57 1 9 1064 1044 20 yes
93 169 126 1064 1059 5 yes
42 15 16 1065 1055 10 yes
50 4 6 1065 1010 55 yes
24 6 3 1065 1040 25 yes
59 29 125 1065 1065 0 yes
11 51 51 1066 1021 45 yes
71 49 49 1067 1022 45 yes
44 49 32 1067 1047 20 yes
19 69 69 1067 1042 25 yes
81 121 103 1068 1013 55 yes
99 126 115 1069 1059 10 yes
80 6 29 1070 1030 40 yes
22 33 33 1071 1011 60 yes
83 47 47 1072 1007 65 yes
78 0 0 1073 1058 15 yes
58 6 6 1074 1029 45 yes
13 6 42 1075 1000 75 yes
64 75 75 1075 1010 65 yes
41 82 66 1075 1050 25 yes
12 6 42 1075 1020 55 yes
40 4 4 1075 1055 20 yes
52 104 69 1075 1040 35 yes
89 70 69 1076 1036 40 yes
37 108 108 1076 1051 25 yes
8 26 113 1077 1047 30 yes
94 19 73 1078 1053 25 yes
29 9 1 1081 1051 30 yes
26 1 50 1081 1051 30 yes
93 126 115 1082 1072 10 yes
1 39 167 1083 1028 55 no
32 46 46 1084 1059 25 yes
91 6 29 1085 1035 50 yes
36 6 75 1085 1035 50 yes
68 4 12 1085 1040 45 yes
51 6 45 1085 1035 50 yes
49 51 56 1085 1050 35 yes
57 9 9 1085 1065 20 yes
38 45 45 1087 992 95 yes
53 29 1 1087 1057 30 yes
54 58 4 1087 1062 25 yes
46 30 39 1088 1063 25 yes
66 9 139 1088 1058 30 yes
99 115 169 1088 1073 15 no
63 4 12 1090 1070 20 yes
82 4 4 1091 1046 45 yes
5 0 0 1092 1047 45 yes
25 71 162 1092 1042 50 no
78 0 109 1092 1077 15 yes
86 60 164 1094 1074 20 no
48 87 87 1094 1039 55 yes
87 45 45 1095 1030 65 yes
43 31 160 1095 1075 20 no
65 4 6 1095 1065 30 yes
77 75 75 1096 1081 15 yes
59 125 2 1096 1096 0 yes
96 18 18 1097 1072 25 yes
90 52 66 1098 1058 40 yes
28 10 22 1098 1053 45 yes
98 69 162 1098 1083 15 no
85 31 0 1100 1045 55 yes
73 4 163 1100 1040 60 no
41 66 66 1100 1065 35 yes
40 4 6 1100 1070 30 yes
62 63 63 1101 1026 75 yes
84 9 25 1101 1086 15 yes
47 0 0 1101 1066 35 yes
61 78 60 1101 1071 30 yes
93 115 169 1101 1081 20 no
72 4 79 1102 1052 50 yes
20 32 28 1103 1023 80 yes
17 59 32 1103 1053 50 yes
94 73 73 1103 1078 25 yes
24 3 3 1104 1079 25 yes
79 43 43 1105 1050 55 yes
21 98 9 1105 1040 65 yes
27 6 91 1105 1040 65 yes
9 4 4 1107 1067 40 yes
8 113 113 1107 1077 30 yes
18 6 4 1110 1050 60 yes
39 6 55 1110 1055 55 yes
80 29 29 1110 1070 40 yes
32 46 29 1110 1075 35 yes
2 78 60 1111 1066 45 yes
44 32 32 1111 1091 20 yes
19 69 70 1112 1082 30 yes
29 1 1 1112 1082 30 yes
88 60 164 1113 1113 0 no
14 39 39 1113 1078 35 yes
11 51 52 1113 1068 45 yes
100 161 18 1113 1103 10 yes
97 0 1 1114 1104 10 yes
77 75 4 1114 1089 25 yes
45 6 42 1116 1071 45 yes
84 25 25 1117 1097 20 yes
16 25 25 1118 1088 30 yes
7 107 78 1118 1043 75 yes
59 2 2 1118 1118 0 yes
42 16 33 1119 1109 10 yes
92 4 35 1120 1050 70 yes
95 43 165 1120 1085 35 no
58 6 91 1120 1075 45 yes
53 1 1 1121 1091 30 yes
71 49 59 1123 1078 45 yes
81 103 103 1123 1068 55 yes
56 6 6 1125 1075 50 yes
63 12 87 1125 1105 20 yes
10 1 47 1128 1058 70 yes
57 9 116 1128 1098 30 yes
89 69 69 1129 1079 50 yes
37 108 15 1129 1104 25 yes
42 33 33 1130 1110 20 yes
33 32 32 1131 1056 75 yes
44 32 82 1132 1107 25 yes
96 18 16 1133 1103 30 yes
35 7 4 1134 1069 65 yes
24 3 4 1134 1104 30 yes
91 29 33 1135 1085 50 yes
54 4 109 1135 1105 30 yes
46 39 39 1135 1105 30 yes
75 9 9 1136 1101 35 yes
83 47 48 1138 1073 65 yes
41 66 19 1138 1103 35 yes
8 113 6 1138 1103 35 yes
100 18 16 1138 1128 10 yes
67 2 2 1140 1095 45 yes
22 33 76 1141 1081 60 yes
49 56 56 1141 1096 45 yes
82 4 79 1141 1096 45 yes
90 66 1 1141 1101 40 yes
5 0 109 1142 1097 45 yes
68 12 67 1145 1090 55 yes
78 109 109 1145 1120 25 yes
65 6 88 1145 1110 35 yes
15 19 73 1148 1073 75 yes
52 69 66 1148 1113 35 yes
50 6 25 1149 1094 55 yes
64 75 4 1149 1084 65 yes
12 42 29 1149 1094 55 yes
9 4 6 1150 1110 40 yes
14 39 142 1150 1115 35 yes
94 73 9 1151 1121 30 yes
63 87 87 1153 1128 25 yes
51 45 45 1154 1104 50 yes
17 32 32 1154 1104 50 yes
85 0 0 1155 1095 60 yes
80 29 4 1155 1115 40 yes
16 25 15 1155 1125 30 yes
74 76 76 1156 1096 60 yes
59 2 0 1156 1151 5 yes
55 28 52 1158 1088 70 yes
72 79 79 1158 1103 55 yes
97 1 1 1158 1143 15 yes
40 6 1 1159 1129 30 yes
29 1 82 1159 1129 30 yes
47 0 37 1160 1125 35 yes
42 33 118 1160 1140 20 yes
36 75 75 1161 1111 50 yes
66 139 115 1162 1127 35 yes
53 1 47 1164 1124 40 yes
48 87 87 1165 1105 60 yes
79 43 32 1165 1110 55 yes
77 4 168 1165 1140 25 no
84 25 15 1165 1145 20 yes
13 42 166 1169 1084 85 no
26 50 50 1170 1140 30 yes
46 39 40 1170 1130 40 yes
18 4 4 1171 1111 60 yes
75 9 19 1173 1128 45 yes
28 22 22 1174 1129 45 yes
37 15 15 1175 1150 25 yes
87 45 29 1176 1111 65 yes
19 70 49 1177 1147 30 yes
24 4 29 1177 1147 30 yes
23 19 73 1178 1108 70 yes
62 63 2 1178 1093 85 yes
59 0 0 1178 1173 5 yes
45 42 42 1180 1135 45 yes
56 6 24 1180 1130 50 yes
54 109 109 1184 1149 35 yes
65 88 5 1184 1139 45 yes
38 45 29 1185 1090 95 yes
44 82 69 1185 1160 25 yes
78 109 0 1185 1160 25 yes
63 87 87 1185 1160 25 yes
52 66 1 1186 1151 35 yes
100 16 33 1188 1168 20 yes
59 0 139 1188 1183 5 yes
91 33 74 1189 1139 50 yes
89 69 70 1191 1141 50 yes
58 91 58 1192 1147 45 yes
40 1 1 1193 1153 40 yes
57 116 116 1196 1166 30 yes
27 91 58 1197 1122 75 yes
97 1 47 1197 1172 25 yes
11 52 69 1198 1148 50 yes
66 115 115 1198 1163 35 yes
21 9 1 1199 1134 65 yes
82 79 79 1199 1154 45 yes
8 6 29 1200 1165 35 yes
68 67 67 1200 1135 65 yes
7 78 78 1201 1126 75 yes
14 142 163 1201 1166 35 no
26 50 25 1201 1171 30 yes
96 16 1 1203 1168 35 yes
37 15 62 1203 1168 35 yes
49 56 51 1204 1159 45 yes
39 55 52 1206 1151 55 yes
32 29 29 1207 1172 35 yes
33 32 82 1207 1122 85 yes
71 59 32 1208 1163 45 yes
50 25 25 1208 1153 55 yes
24 29 29 1208 1178 30 yes
100 33 33 1209 1184 25 yes
59 139 160 1209 1204 5 no
92 35 35 1210 1140 70 yes
9 6 168 1210 1170 40 no
42 118 167 1210 1190 20 no
67 2 74 1213 1158 55 yes
44 69 69 1213 1178 35 yes
61 60 60 1214 1184 30 yes
36 75 4 1214 1164 50 yes
17 32 82 1215 1155 60 yes
72 79 6 1215 1160 55 yes
41 19 73 1216 1181 35 yes
80 4 4 1217 1177 40 yes
19 49 49 1218 1178 40 yes
20 28 55 1219 1139 80 yes
2 60 60 1220 1175 45 yes
35 4 2 1220 1155 65 yes
51 45 29 1220 1170 50 yes
28 22 31 1220 1175 45 yes
81 103 6 1221 1161 60 yes
15 73 73 1223 1143 80 yes
12 29 6 1224 1159 65 yes
5 109 163 1225 1180 45 no
53 47 33 1225 1185 40 yes
54 109 0 1225 1185 40 yes
63 87 87 1225 1190 35 yes
94 9 9 1226 1196 30 yes
10 47 47 1230 1160 70 yes
85 0 37 1230 1160 70 yes
16 15 15 1230 1200 30 yes
84 15 15 1230 1210 20 yes
74 76 16 1232 1172 60 yes
55 52 52 1232 1162 70 yes
57 116 9 1232 1202 30 yes
46 40 102 1233 1188 45 yes
66 115 9 1234 1189 45 yes
8 29 29 1235 1190 45 yes
83 48 4 1236 1171 65 yes
90 1 45 1237 1192 45 yes
58 58 58 1237 1187 50 yes
40 1 31 1238 1198 40 yes
96 1 1 1238 1203 35 yes
22 76 76 1239 1179 60 yes
64 4 6 1240 1165 75 yes
48 87 87 1240 1170 70 yes
24 29 4 1240 1210 30 yes
79 32 32 1241 1181 60 yes
45 42 29 1241 1196 45 yes
29 82 49 1245 1215 30 yes
32 29 4 1245 1210 35 yes
78 0 160 1246 1221 25 no
82 79 6 1246 1201 45 yes
23 73 73 1248 1168 80 yes
47 37 38 1249 1214 35 yes
41 73 9 1251 1216 35 yes
97 47 48 1252 1222 30 yes
11 69 69 1252 1197 55 yes
71 32 32 1254 1199 55 yes
18 4 79 1255 1195 60 yes
84 15 16 1255 1235 20 yes
56 24 24 1256 1206 50 yes
44 69 70 1257 1222 35 yes
94 9 19 1258 1218 40 yes
37 62 108 1259 1224 35 yes
100 33 18 1260 1235 25 yes
87 29 29 1261 1196 65 yes
39 52 52 1261 1206 55 yes
21 1 1 1265 1200 65 yes
80 4 35 1265 1225 40 yes
16 15 6 1265 1235 30 yes
49 51 51 1266 1221 45 yes
19 49 32 1267 1227 40 yes
75 19 166 1268 1223 45 no
50 25 15 1270 1215 55 yes
62 2 2 1271 1186 85 yes
27 58 58 1272 1187 85 yes
65 5 5 1274 1229 45 yes
61 60 71 1275 1245 30 yes
63 87 87 1275 1240 35 yes
89 70 104 1276 1226 50 yes
52 1 4 1277 1242 35 yes
29 49 49 1277 1247 30 yes
46 102 102 1278 1228 50 yes
26 25 88 1281 1251 30 yes
28 31 1 1282 1237 45 yes
72 6 29 1284 1229 55 yes
2 60 61 1284 1239 45 yes
68 67 6 1285 1215 70 yes
53 33 17 1285 1245 40 yes
8 29 4 1285 1240 45 yes
47 38 38 1285 1250 35 yes
92 35 6 1287 1217 70 yes
36 4 6 1290 1235 55 yes
51 29 6 1290 1240 50 yes
12 6 6 1290 1225 65 yes
90 45 45 1292 1242 50 yes
58 58 4 1292 1242 50 yes
24 4 4 1292 1257 35 yes
37 108 108 1295 1260 35 yes
91 74 113 1298 1248 50 yes
35 2 74 1298 1233 65 yes
38 29 6 1300 1205 95 yes
54 0 46 1301 1251 50 yes
10 47 57 1301 1221 80 yes
7 78 60 1302 1227 75 yes
7 404 404 404 404 404 404
67 74 161 1302 1237 65 no
20 55 55 1302 1222 80 yes
32 4 9 1302 1267 35 yes
57 9 9 1303 1273 30 yes
83 4 12 1305 1235 70 yes
96 1 10 1305 1260 45 yes
82 6 168 1305 1260 45 no
45 29 67 1306 1256 50 yes
55 52 51 1307 1227 80 yes
79 32 43 1307 1247 60 yes
56 24 4 1307 1257 50 yes
40 31 10 1311 1271 40 yes
22 76 6 1311 1251 60 yes
26 88 88 1311 1281 30 yes
97 48 29 1312 1282 30 yes
11 69 70 1312 1252 60 yes
84 16 163 1313 1293 20 no
49 51 52 1313 1268 45 yes
81 6 3 1315 1255 60 yes
64 6 3 1315 1240 75 yes
17 82 49 1316 1256 60 yes
52 4 4 1316 1281 35 yes
29 49 59 1318 1278 40 yes
33 82 162 1320 1235 85 no
39 52 51 1322 1262 60 yes
66 9 168 1323 1278 45 no
65 5 6 1324 1279 45 yes
48 87 168 1325 1255 70 no
80 35 35 1325 1285 40 yes
63 87 87 1325 1290 35 yes
47 38 31 1325 1285 40 yes
44 70 162 1327 1282 45 no
18 79 79 1328 1263 65 yes
89 104 104 1328 1278 50 yes
74 16 1 1330 1270 60 yes
46 102 39 1330 1280 50 yes
41 9 9 1331 1296 35 yes
87 29 30 1331 1266 65 yes
19 32 32 1331 1291 40 yes
16 6 29 1335 1305 30 yes
24 4 12 1335 1300 35 yes
57 9 129 1338 1308 30 yes
72 29 29 1339 1284 55 yes
100 18 161 1340 1315 25 no
51 6 6 1341 1291 50 yes
32 9 9 1342 1297 45 yes
71 32 82 1343 1278 65 yes
71 404 404 404 404 404 404
21 1 82 1344 1269 75 yes
21 404 404 404 404 404 404
37 108 15 1344 1309 35 yes
36 6 75 1345 1290 55 yes
90 45 29 1345 1290 55 yes
26 88 5 1345 1310 35 yes
97 29 29 1347 1317 30 yes
94 19 73 1348 1308 40 yes
23 73 9 1351 1261 90 yes
23 404 404 404 404 404 404
8 4 6 1352 1307 45 yes
85 37 169 1354 1284 70 no
15 73 100 1356 1276 80 yes
15 404 404 404 404 404 404
62 2 2 1358 1268 90 yes
62 404 404 404 404 404 404
12 6 42 1359 1294 65 yes
12 404 404 404 404 404 404
61 71 162 1360 1330 30 no
28 1 168 1360 1310 50 no
27 58 4 1362 1277 85 yes
27 404 404 404 404 404 404
54 46 46 1364 1314 50 yes
58 4 29 1365 1315 50 yes
16 29 29 1365 1335 30 yes
45 67 6 1366 1306 60 yes
45 404 404 404 404 404 404
41 9 19 1368 1333 35 yes
41 404 404 404 404 404 404
50 15 15 1370 1315 55 yes
52 4 89 1370 1335 35 yes
80 35 6 1372 1332 40 yes
80 404 404 404 404 404 404
19 32 82 1372 1322 50 yes
19 404 404 404 404 404 404
91 113 113 1373 1323 50 yes
68 6 1 1375 1300 75 yes
68 404 404 404 404 404 404
63 87 87 1375 1340 35 yes
17 49 49 1378 1318 60 yes
17 404 404 404 404 404 404
97 29 30 1380 1350 30 yes
53 17 17 1381 1341 40 yes
53 404 404 404 404 404 404
89 104 69 1384 1334 50 yes
89 404 404 404 404 404 404
92 6 67 1385 1315 70 yes
92 404 404 404 404 404 404
56 4 6 1385 1335 50 yes
24 12 67 1385 1350 35 yes
32 9 19 1388 1343 45 yes
32 404 404 404 404 404 404
94 73 73 1388 1348 40 yes
94 404 404 404 404 404 404
81 3 3 1389 1329 60 yes
81 404 404 404 404 404 404
83 12 25 1390 1315 75 yes
83 404 404 404 404 404 404
74 1 1 1390 1325 65 yes
74 404 404 404 404 404 404
57 129 36 1391 1356 35 yes
2 61 78 1394 1349 45 yes
2 404 404 404 404 404 404
79 43 43 1395 1335 60 yes
79 404 404 404 404 404 404
18 79 6 1395 1320 75 yes
18 404 404 404 404 404 404
72 29 30 1395 1335 60 yes
72 404 404 404 404 404 404
51 6 58 1395 1340 55 yes
51 404 404 404 404 404 404
38 6 6 1396 1291 105 yes
38 404 404 404 404 404 404
40 10 10 1396 1356 40 yes
40 404 404 404 404 404 404
8 6 6 1397 1352 45 yes
8 404 404 404 404 404 404
10 57 23 1398 1318 80 yes
10 404 404 404 404 404 404
49 52 49 1398 1353 45 yes
49 404 404 404 404 404 404
29 59 32 1398 1358 40 yes
20 55 4 1399 1319 80 yes
20 404 404 404 404 404 404
37 15 15 1400 1365 35 yes
35 74 161 1402 1332 70 no
64 3 3 1404 1319 85 yes
64 404 404 404 404 404 404
96 10 10 1405 1360 45 yes
96 404 404 404 404 404 404
46 39 142 1405 1355 50 yes
46 404 404 404 404 404 404
11 70 104 1407 1347 60 yes
11 404 404 404 404 404 404
65 6 3 1409 1364 45 yes
65 404 404 404 404 404 404
47 31 160 1410 1370 40 no
16 29 41 1415 1385 30 yes
16 404 404 404 404 404 404
58 29 29 1416 1366 50 yes
58 404 404 404 404 404 404
39 51 51 1420 1355 65 yes
39 404 404 404 404 404 404
90 29 1 1420 1355 65 yes
90 404 404 404 404 404 404
24 67 67 1420 1380 40 yes
24 404 404 404 404 404 404
22 6 16 1422 1362 60 yes
22 404 404 404 404 404 404
87 30 4 1424 1359 65 yes
87 404 404 404 404 404 404
55 51 51 1425 1340 85 yes
55 404 404 404 404 404 404
26 5 5 1425 1390 35 yes
26 404 404 404 404 404 404
63 87 87 1425 1390 35 yes
63 404 404 404 404 404 404
36 75 75 1426 1361 65 yes
36 404 404 404 404 404 404
57 36 36 1426 1391 35 yes
57 404 404 404 404 404 404
50 15 6 1430 1375 55 yes
50 404 404 404 404 404 404
52 89 89 1431 1396 35 yes
52 404 404 404 404 404 404
97 30 4 1435 1405 30 yes
97 404 404 404 404 404 404
56 6 6 1435 1375 60 yes
56 404 404 404 404 404 404
54 46 33 1437 1387 50 yes
54 404 404 404 404 404 404
91 113 6 1437 1377 60 yes
91 404 404 404 404 404 404
37 15 62 1438 1398 40 yes
37 404 404 404 404 404 404
29 32 32 1439 1394 45 yes
29 404 404 404 404 404 404
