vehID FromStopID ToStopID Uhrzeit(Ist) Uhrzeit(Soll) Delay Drive_Continue
1 167 114 251 241 10 yes
2 162 23 256 251 5 yes
3 168 5 270 265 5 yes
4 161 18 273 268 5 yes
5 163 131 274 264 10 yes
1 114 29 275 265 10 yes
6 160 22 276 271 5 yes
7 164 60 278 273 5 yes
8 166 101 281 276 5 yes
6 22 0 285 280 5 yes
7 60 71 288 273 15 yes
10 160 143 289 279 10 yes
11 165 20 290 280 10 yes
12 168 135 290 280 10 yes
2 23 9 290 280 10 yes
13 166 23 291 286 5 yes
14 163 9 291 281 10 yes
4 18 16 293 278 15 yes
15 168 136 295 290 5 yes
16 163 1 295 295 0 yes
17 165 27 296 296 0 yes
18 168 80 298 298 0 yes
19 162 71 300 295 5 yes
3 5 16 300 285 15 yes
11 20 21 300 285 15 yes
6 0 1 302 287 15 yes
20 162 32 304 299 5 yes
12 135 4 305 290 15 yes
13 23 7 305 295 10 yes
16 1 31 307 307 0 yes
21 162 53 308 308 0 yes
10 143 10 310 300 10 yes
15 136 137 310 295 15 yes
22 168 33 313 303 10 yes
23 160 114 313 303 10 yes
14 9 19 313 293 20 yes
19 71 72 313 303 10 yes
24 160 0 315 310 5 yes
18 80 29 315 315 0 yes
25 162 104 316 316 0 yes
26 163 29 318 313 5 yes
27 168 4 318 318 0 yes
8 101 16 322 312 10 yes
28 168 107 323 323 0 yes
5 131 9 323 313 10 yes
29 162 66 324 324 0 yes
17 27 28 324 324 0 yes
21 53 4 325 325 0 yes
18 29 29 325 325 0 yes
30 163 8 326 316 10 yes
31 165 20 327 327 0 yes
15 137 112 327 312 15 yes
25 104 69 327 317 10 yes
31 20 21 327 322 5 yes
32 166 134 330 325 5 yes
33 162 32 330 320 10 yes
1 29 97 330 320 10 yes
27 4 12 330 330 0 yes
29 66 1 330 330 0 yes
18 29 4 330 320 10 yes
34 169 126 332 322 10 yes
11 21 111 332 307 25 yes
35 161 74 333 328 5 yes
36 168 6 333 323 10 yes
37 161 18 333 328 5 yes
20 32 82 333 323 10 yes
38 168 145 334 334 0 yes
39 162 32 334 334 0 yes
13 7 4 334 314 20 yes
22 33 17 335 325 10 yes
24 0 109 335 330 5 yes
26 29 46 335 320 15 yes
40 160 22 336 336 0 yes
41 166 23 336 336 0 yes
23 114 29 336 316 20 yes
42 167 116 337 337 0 yes
43 160 96 337 327 10 yes
44 162 28 339 329 10 yes
16 31 10 340 335 5 yes
27 12 67 340 340 0 yes
35 74 2 340 335 5 yes
40 22 0 340 335 5 yes
27 67 6 340 335 5 yes
45 25 4 341 331 10 yes
46 167 41 342 342 0 yes
47 160 46 343 343 0 yes
48 168 147 343 338 5 yes
49 165 51 343 343 0 yes
50 163 33 343 343 0 yes
15 112 112 343 323 20 yes
31 21 111 344 339 5 yes
51 163 143 345 335 10 yes
2 9 1 345 325 20 yes
41 23 9 345 335 10 yes
38 145 4 347 337 10 yes
42 116 9 347 342 5 yes
47 46 33 347 347 0 yes
52 163 6 348 338 10 yes
53 163 29 348 338 10 yes
54 163 4 348 338 10 yes
55 165 56 348 338 10 yes
4 16 120 348 328 20 yes
12 4 4 348 323 25 yes
28 107 61 348 348 0 yes
32 134 47 348 343 5 yes
56 168 1 349 349 0 yes
3 16 3 349 334 15 yes
31 111 111 349 339 10 yes
6 1 9 351 336 15 yes
1 97 97 351 336 15 yes
57 163 0 352 342 10 yes
58 166 60 352 342 10 yes
37 18 16 353 348 5 yes
59 160 139 355 355 0 yes
21 4 6 355 345 10 yes
34 126 8 355 335 20 yes
36 6 80 355 335 20 yes
45 4 6 355 335 20 yes
49 51 52 355 355 0 yes
50 33 18 355 355 0 yes
28 61 78 356 356 0 yes
11 111 111 357 332 25 yes
44 28 27 357 337 20 yes
40 0 1 357 352 5 yes
28 78 78 357 347 10 yes
7 71 71 358 343 15 yes
39 32 82 358 348 10 yes
48 147 30 358 353 5 yes
60 168 120 360 350 10 yes
27 6 29 360 345 15 yes
46 41 29 361 356 5 yes
56 1 31 361 356 5 yes
61 162 71 362 352 10 yes
62 168 103 362 362 0 yes
19 72 85 362 347 15 yes
63 168 4 363 353 10 yes
18 4 4 363 353 10 yes
64 168 145 364 359 5 yes
33 32 43 364 354 10 yes
15 112 6 364 339 25 yes
10 10 10 365 355 10 yes
21 6 53 365 345 20 yes
2 1 1 366 341 25 yes
6 9 9 367 347 20 yes
1 97 39 367 342 25 yes
17 28 28 368 358 10 yes
30 8 9 369 354 15 yes
65 168 14 370 365 5 yes
66 168 97 370 365 5 yes
67 161 18 370 360 10 yes
43 96 1 370 360 10 yes
52 6 55 370 350 20 yes
53 29 46 370 350 20 yes
54 4 15 370 360 10 yes
3 3 3 370 345 25 yes
68 168 75 371 371 0 yes
69 164 60 372 367 5 yes
8 16 9 372 362 10 yes
70 168 6 373 373 0 yes
13 4 1 373 343 30 yes
4 120 120 373 353 20 yes
32 47 47 373 363 10 yes
31 111 20 373 358 15 yes
25 69 69 375 355 20 yes
45 6 6 375 350 25 yes
7 71 60 375 350 25 yes
27 29 29 375 360 15 yes
71 160 94 376 371 5 yes
5 9 4 376 356 20 yes
59 139 141 376 371 5 yes
28 78 60 376 361 15 yes
60 120 6 377 357 20 yes
19 85 85 377 362 15 yes
72 168 6 378 368 10 yes
73 163 33 378 373 5 yes
14 19 134 378 358 20 yes
24 109 109 378 363 15 yes
74 168 144 379 374 5 yes
55 56 51 379 364 15 yes
75 166 47 380 375 5 yes
76 161 101 380 380 0 yes
38 4 6 380 365 15 yes
12 4 15 380 355 25 yes
48 30 35 380 365 15 yes
61 71 60 380 370 10 yes
18 4 12 380 365 15 yes
78 160 123 381 371 10 yes
62 103 6 381 371 10 yes
64 145 4 382 372 10 yes
69 60 78 382 367 15 yes
29 1 124 383 383 0 yes
11 111 20 383 358 25 yes
8 9 9 383 373 10 yes
20 82 49 384 364 20 yes
35 2 108 385 370 15 yes
51 143 10 385 365 20 yes
36 80 80 385 355 30 yes
63 4 79 385 375 10 yes
65 14 64 385 380 5 yes
66 97 39 385 370 15 yes
70 6 53 385 375 10 yes
32 47 48 385 370 15 yes
75 47 9 385 370 15 yes
57 0 109 387 372 15 yes
17 28 27 387 372 15 yes
34 8 8 389 369 20 yes
68 75 4 389 389 0 yes
79 165 43 390 385 5 yes
16 10 96 390 375 15 yes
10 10 0 391 371 20 yes
80 161 74 393 388 5 yes
42 9 9 393 383 10 yes
6 9 19 393 373 20 yes
76 101 16 393 383 10 yes
81 168 145 394 384 10 yes
50 18 18 394 389 5 yes
82 9 1 395 395 0 yes
49 52 52 395 395 0 yes
67 18 16 395 380 15 yes
27 29 4 395 370 25 yes
71 94 95 395 380 15 yes
73 33 46 395 385 10 yes
38 6 6 395 380 15 yes
78 123 10 395 375 20 yes
79 43 32 395 385 10 yes
40 1 1 396 386 10 yes
82 1 1 396 386 10 yes
4 120 6 397 372 25 yes
37 16 33 398 383 15 yes
8 9 19 398 388 10 yes
58 60 61 399 379 20 yes
56 31 10 399 384 15 yes
23 29 33 400 380 20 yes
41 9 75 400 380 20 yes
47 33 29 400 400 0 yes
15 6 6 400 365 35 yes
5 4 77 400 375 25 yes
72 6 75 400 380 20 yes
80 74 6 400 390 10 yes
22 17 17 401 381 20 yes
59 141 37 401 396 5 yes
26 46 46 402 387 15 yes
83 160 46 403 398 5 yes
19 85 71 403 378 25 yes
29 124 124 403 393 10 yes
84 163 1 404 399 5 yes
2 1 154 404 374 30 yes
3 3 4 404 369 35 yes
33 43 51 405 385 20 yes
31 20 20 405 390 15 yes
45 6 75 405 370 35 yes
18 12 67 405 380 25 yes
16 96 96 405 390 15 yes
47 29 46 405 395 10 yes
85 169 126 406 406 0 yes
20 49 49 406 381 25 yes
25 69 70 407 387 20 yes
49 52 51 407 402 5 yes
82 1 10 407 397 10 yes
13 1 1 408 373 35 yes
63 79 79 408 393 15 yes
50 18 17 408 403 5 yes
39 82 66 409 394 15 yes
48 35 35 409 389 20 yes
1 39 39 410 375 35 yes
60 6 23 410 390 20 yes
34 8 133 410 390 20 yes
55 51 51 411 396 15 yes
83 46 33 412 402 10 yes
42 9 156 413 398 15 yes
40 1 121 413 393 20 yes
44 27 28 414 389 25 yes
21 53 53 414 394 20 yes
74 144 123 414 409 5 yes
71 95 131 414 399 15 yes
37 33 33 414 399 15 yes
54 15 15 415 405 10 yes
64 4 4 415 400 15 yes
68 4 29 415 410 5 yes
38 6 80 415 400 15 yes
29 124 2 415 395 20 yes
14 134 134 417 397 20 yes
35 108 108 417 402 15 yes
36 80 29 417 387 30 yes
81 145 4 417 407 10 yes
66 39 4 418 393 25 yes
65 64 13 419 404 15 yes
85 126 132 419 409 10 yes
46 29 33 420 415 5 yes
24 109 0 420 405 15 yes
26 46 29 420 395 25 yes
84 1 10 421 406 15 yes
68 29 29 421 406 15 yes
30 9 9 423 408 15 yes
70 53 53 424 409 15 yes
23 33 33 424 404 20 yes
39 66 66 424 404 20 yes
86 164 60 425 420 5 yes
62 6 2 425 405 20 yes
11 20 27 425 395 30 yes
33 51 51 425 400 25 yes
63 79 6 425 410 15 yes
79 32 32 428 408 20 yes
55 51 52 428 408 20 yes
46 33 33 429 424 5 yes
32 48 6 430 405 25 yes
75 9 9 430 410 20 yes
18 67 6 430 395 35 yes
74 123 10 430 415 15 yes
52 55 49 431 401 30 yes
20 49 32 432 402 30 yes
48 35 6 432 407 25 yes
41 75 75 433 408 25 yes
71 131 131 433 413 20 yes
12 15 15 434 399 35 yes
43 1 88 435 415 20 yes
4 6 5 435 405 30 yes
21 53 4 435 415 20 yes
54 15 16 435 420 15 yes
64 4 6 435 415 20 yes
65 13 14 435 420 15 yes
86 60 86 435 420 15 yes
46 33 118 435 430 5 yes
53 46 148 436 416 20 yes
78 10 160 437 417 20 no
31 20 21 437 412 25 yes
5 77 25 438 413 25 yes
17 27 28 439 419 20 yes
50 17 17 439 434 5 yes
14 134 47 439 414 25 yes
35 108 15 439 414 25 yes
87 168 44 440 440 0 yes
59 37 92 440 425 15 yes
68 29 4 440 415 25 yes
30 9 129 440 420 20 yes
70 53 4 440 420 20 yes
69 78 78 442 427 15 yes
38 80 29 442 427 15 yes
27 4 4 443 408 35 yes
51 10 46 445 415 30 yes
57 109 163 445 420 25 no
15 6 24 445 410 35 yes
13 1 47 445 400 45 yes
61 60 60 446 436 10 yes
76 16 4 446 431 15 yes
72 75 75 446 421 25 yes
39 66 1 446 421 25 yes
42 156 89 448 428 20 yes
23 33 34 448 423 25 yes
88 164 60 450 445 5 yes
67 16 88 450 435 15 yes
49 51 51 450 435 15 yes
60 23 82 450 430 20 yes
34 133 68 450 420 30 yes
81 4 4 450 440 10 yes
50 17 18 450 445 5 yes
7 60 60 451 426 25 yes
3 4 4 452 412 40 yes
89 168 4 453 448 5 yes
8 19 166 453 438 15 no
19 71 162 454 419 35 no
63 6 29 454 439 15 yes
71 131 9 454 424 30 yes
16 96 1 455 440 15 yes
37 33 76 455 430 25 yes
29 2 36 455 435 20 yes
33 51 56 455 430 25 yes
43 88 89 455 425 30 yes
73 46 68 456 446 10 yes
22 17 16 456 426 30 yes
79 32 43 456 431 25 yes
10 0 1 457 432 25 yes
6 19 158 458 428 30 yes
62 2 2 458 438 20 yes
75 9 19 458 433 25 yes
56 10 10 459 434 25 yes
85 132 133 459 439 20 yes
41 75 4 459 434 25 yes
69 78 60 459 439 20 yes
80 6 6 460 445 15 yes
1 39 40 460 425 35 yes
36 29 29 460 425 35 yes
32 6 6 460 435 25 yes
87 44 33 460 460 0 yes
61 60 61 460 450 10 yes
88 60 61 460 455 5 yes
25 70 104 462 442 20 yes
66 4 4 463 428 35 yes
52 49 49 465 425 40 yes
76 4 4 465 445 20 yes
81 4 77 465 445 20 yes
45 75 75 466 426 40 yes
67 88 88 466 451 15 yes
40 121 23 467 437 30 yes
74 10 10 467 447 20 yes
59 92 92 467 442 25 yes
53 148 148 468 438 30 yes
49 51 52 468 448 20 yes
28 60 60 469 449 20 yes
63 29 29 469 444 25 yes
12 15 16 470 435 35 yes
46 118 167 470 455 15 no
38 29 6 470 445 25 yes
89 4 6 470 455 15 yes
24 0 160 471 456 15 no
82 10 96 472 452 20 yes
90 164 60 474 469 5 yes
47 46 160 474 454 20 no
5 25 25 474 449 25 yes
72 75 4 474 444 30 yes
83 33 6 475 465 10 yes
65 14 14 478 458 20 yes
42 89 89 478 448 30 yes
73 68 68 478 468 10 yes
31 21 111 479 454 25 yes
18 6 29 480 435 45 yes
80 6 4 480 460 20 yes
50 18 18 482 477 5 yes
44 28 49 483 448 35 yes
11 27 27 483 443 40 yes
30 129 36 483 453 30 yes
64 6 29 484 459 25 yes
14 47 47 484 459 25 yes
25 104 104 484 459 25 yes
90 60 61 484 479 5 yes
48 6 3 485 460 25 yes
21 4 6 485 455 30 yes
27 4 12 485 440 45 yes
67 88 89 485 470 15 yes
2 154 71 486 451 35 yes
20 32 32 486 451 35 yes
68 4 9 487 457 30 yes
55 52 28 488 458 30 yes
4 5 5 488 458 30 yes
62 2 63 488 468 20 yes
35 15 15 490 465 25 yes
70 4 6 490 460 30 yes
32 6 58 490 460 30 yes
87 33 23 490 485 5 yes
83 6 58 490 475 15 yes
82 96 96 492 472 20 yes
84 10 96 493 478 15 yes
86 86 51 493 468 25 yes
50 18 16 493 488 5 yes
54 16 163 494 474 20 no
34 68 68 494 464 30 yes
7 60 61 494 469 25 yes
29 36 36 494 474 20 yes
28 60 61 494 474 20 yes
23 34 54 495 465 30 yes
3 4 5 495 450 45 yes
76 4 12 495 475 20 yes
63 29 30 495 460 35 yes
51 46 46 496 456 40 yes
38 6 6 496 466 30 yes
91 168 0 497 487 10 yes
6 158 73 497 462 35 yes
92 168 29 498 493 5 yes
56 10 0 498 463 35 yes
81 77 77 498 473 25 yes
85 133 0 500 470 30 yes
36 29 30 500 455 45 yes
66 4 12 500 460 40 yes
5 25 15 500 470 30 yes
65 14 64 500 470 30 yes
33 56 56 501 471 30 yes
15 24 24 502 467 35 yes
17 28 49 503 483 20 yes
59 92 31 504 474 30 yes
31 111 111 504 469 35 yes
26 29 163 505 480 25 no
79 43 43 505 470 35 yes
73 68 15 505 490 15 yes
93 169 126 506 506 0 yes
58 61 66 508 488 20 yes
84 96 96 508 493 15 yes
45 75 4 509 464 45 yes
64 29 29 509 484 25 yes
43 89 160 510 480 30 no
41 4 166 510 480 30 no
14 47 48 510 485 25 yes
30 36 36 513 473 40 yes
89 6 29 514 489 25 yes
87 23 23 514 509 5 yes
60 82 66 515 485 30 yes
25 104 69 515 485 30 yes
21 6 6 515 480 35 yes
92 29 4 515 500 15 yes
10 1 25 516 481 35 yes
40 23 23 516 486 30 yes
62 63 63 516 496 20 yes
35 15 62 517 487 30 yes
37 76 161 518 483 35 no
1 40 102 518 478 40 yes
61 61 99 518 508 10 yes
93 126 115 519 519 0 yes
94 168 54 520 520 0 yes
13 47 47 520 465 55 yes
80 4 88 520 495 25 yes
4 5 6 520 485 35 yes
70 6 3 520 490 30 yes
44 49 32 522 482 40 yes
20 32 82 522 487 35 yes
68 9 9 522 487 35 yes
55 28 28 522 482 40 yes
88 61 52 523 513 10 yes
11 27 28 524 479 45 yes
48 3 3 524 494 30 yes
87 23 47 524 514 10 yes
16 1 4 525 500 25 yes
52 49 59 525 480 45 yes
18 29 29 525 475 50 yes
2 71 60 525 480 45 yes
23 54 54 525 495 30 yes
81 77 6 525 490 35 yes
42 89 16 526 491 35 yes
39 1 3 527 502 25 yes
83 58 58 527 512 15 yes
82 96 1 527 507 20 yes
34 68 92 527 492 35 yes
17 49 49 527 507 20 yes
49 52 32 528 498 30 yes
93 115 169 528 518 10 no
72 4 29 530 500 30 yes
67 89 89 530 515 15 yes
76 12 2 530 500 30 yes
38 6 45 530 495 35 yes
71 9 1 532 497 35 yes
91 0 109 532 517 15 yes
75 19 166 533 503 30 no
74 10 0 533 513 20 yes
84 96 1 534 514 20 yes
73 15 15 535 520 15 yes
64 29 149 535 505 30 yes
94 54 33 535 525 10 yes
86 51 51 537 502 35 yes
58 66 66 537 507 30 yes
50 16 33 538 533 5 yes
62 63 2 538 518 20 yes
6 73 73 539 499 40 yes
89 29 29 539 504 35 yes
61 99 99 541 526 15 yes
88 52 52 541 521 20 yes
32 58 58 542 507 35 yes
29 36 9 542 522 20 yes
15 24 4 542 507 35 yes
22 16 1 543 503 40 yes
50 33 33 544 539 5 yes
53 148 9 545 505 40 yes
27 12 67 545 500 45 yes
51 46 29 545 505 40 yes
85 0 0 545 515 30 yes
79 43 32 545 500 45 yes
60 66 66 545 505 40 yes
83 58 4 547 532 15 yes
12 16 1 549 504 45 yes
33 56 51 549 514 35 yes
19 162 28 549 549 0 yes
80 88 5 550 515 35 yes
10 25 25 551 506 45 yes
67 89 16 551 531 20 yes
92 4 4 552 537 15 yes
87 47 47 552 542 10 yes
40 23 9 554 514 40 yes
16 4 4 554 524 30 yes
66 12 35 555 510 45 yes
30 36 9 555 505 50 yes
21 6 24 555 520 35 yes
19 28 27 557 547 10 yes
63 30 6 558 518 40 yes
1 102 102 558 508 50 yes
39 3 3 558 523 35 yes
73 15 62 558 533 25 yes
69 60 164 559 534 25 no
65 64 13 559 519 40 yes
48 3 4 559 519 40 yes
61 99 82 560 545 15 yes
72 29 29 561 531 30 yes
87 47 48 563 553 10 yes
70 3 7 564 524 40 yes
14 48 163 565 530 35 no
68 9 156 565 525 40 yes
62 2 2 566 536 30 yes
31 111 20 567 532 35 yes
55 28 27 567 522 45 yes
94 33 1 567 547 20 yes
88 52 51 567 537 30 yes
90 61 66 568 553 15 yes
35 62 108 568 533 35 yes
76 2 2 568 538 30 yes
71 1 1 568 533 35 yes
3 5 5 570 515 55 yes
5 15 15 570 540 30 yes
23 54 33 570 540 30 yes
58 66 1 571 536 35 yes
36 30 35 573 523 50 yes
81 6 29 574 539 35 yes
89 29 30 575 540 35 yes
50 33 18 575 560 15 yes
92 4 6 575 555 20 yes
64 149 150 576 546 30 yes
17 49 32 577 557 20 yes
49 32 32 578 538 40 yes
56 0 1 579 544 35 yes
59 31 160 580 550 30 no
45 4 4 580 535 45 yes
18 29 4 580 520 60 yes
32 58 4 582 547 35 yes
25 69 162 583 548 35 no
22 1 116 583 543 40 yes
38 45 45 584 539 45 yes
93 169 126 584 579 5 yes
20 82 73 585 545 40 yes
91 109 109 585 565 20 yes
16 4 6 585 555 30 yes
44 32 32 586 546 40 yes
6 73 9 586 546 40 yes
29 9 73 586 566 20 yes
60 66 19 588 538 50 yes
94 1 1 588 558 30 yes
7 61 78 590 560 30 yes
86 51 56 590 545 45 yes
27 67 67 590 535 55 yes
83 4 9 590 565 25 yes
90 66 66 592 572 20 yes
61 82 162 593 573 20 no
42 16 33 594 554 40 yes
12 1 82 594 549 45 yes
39 3 4 594 549 45 yes
4 6 29 595 560 35 yes
72 29 118 595 555 40 yes
62 2 2 598 558 40 yes
74 0 1 599 569 30 yes
63 6 6 599 549 50 yes
10 25 26 600 555 45 yes
65 13 14 600 550 50 yes
33 51 51 601 566 35 yes
82 1 9 602 577 25 yes
93 126 115 602 592 10 yes
28 61 24 603 573 30 yes
67 16 1 604 574 30 yes
19 27 28 604 584 20 yes
73 62 18 604 569 35 yes
35 108 108 604 564 40 yes
34 92 169 605 565 40 no
15 4 6 605 570 35 yes
85 0 37 605 575 30 yes
66 35 35 606 551 55 yes
87 48 30 606 591 15 yes
84 1 163 609 579 30 no
81 29 29 609 574 35 yes
52 59 27 610 560 50 yes
1 102 39 610 555 55 yes
5 15 6 610 580 30 yes
79 32 32 611 566 45 yes
48 4 4 612 572 40 yes
13 47 9 613 553 60 yes
11 28 55 613 568 45 yes
90 66 19 613 593 20 yes
70 7 7 614 569 45 yes
31 20 20 614 574 40 yes
92 6 6 615 590 25 yes
21 24 24 616 581 35 yes
71 1 82 619 574 45 yes
91 109 0 620 590 30 yes
83 9 9 620 590 30 yes
53 9 163 621 576 45 no
17 32 32 621 596 25 yes
7 78 78 621 586 35 yes
93 115 126 621 601 20 yes
23 33 33 622 587 35 yes
76 2 63 623 593 30 yes
94 1 31 623 588 35 yes
64 150 150 624 584 40 yes
68 156 22 625 575 50 yes
87 30 4 625 600 25 yes
2 60 60 626 571 55 yes
44 32 82 627 577 50 yes
82 9 9 628 593 35 yes
29 73 73 629 599 30 yes
80 5 5 630 595 35 yes
45 4 6 630 585 45 yes
4 29 29 630 585 45 yes
8 166 73 633 633 0 yes
67 1 1 634 599 35 yes
30 9 47 635 575 60 yes
88 51 51 635 600 35 yes
16 6 163 635 595 40 no
42 33 118 635 590 45 yes
36 35 6 637 582 55 yes
50 18 18 637 612 25 yes
89 30 78 638 593 45 yes
49 32 82 638 598 40 yes
3 5 16 640 575 65 yes
33 51 56 640 595 45 yes
15 6 6 640 595 45 yes
8 73 82 641 631 10 yes
51 29 29 645 605 40 yes
32 4 166 645 605 40 no
38 45 29 645 600 45 yes
28 24 24 645 610 35 yes
81 29 30 645 610 35 yes
92 6 3 645 610 35 yes
40 9 4 646 596 50 yes
17 32 82 647 622 25 yes
56 1 25 648 603 45 yes
55 27 27 649 599 50 yes
27 67 6 650 595 55 yes
63 6 91 650 595 55 yes
73 18 16 650 605 45 yes
93 126 126 651 626 25 yes
87 4 6 651 621 30 yes
20 73 73 652 607 45 yes
39 4 4 652 607 45 yes
21 24 4 652 612 40 yes
35 108 15 654 604 50 yes
48 4 6 655 610 45 yes
86 56 164 656 601 55 no
31 20 21 657 607 50 yes
11 55 55 661 611 50 yes
7 78 60 661 621 40 yes
76 63 63 661 621 40 yes
29 73 82 661 626 35 yes
58 1 87 662 627 35 yes
79 32 43 662 617 45 yes
18 4 4 663 603 60 yes
74 1 47 663 633 30 yes
83 9 19 663 633 30 yes
22 116 116 666 621 45 yes
25 162 49 666 661 5 yes
66 35 6 667 602 65 yes
72 118 44 668 628 40 yes
19 28 162 668 648 20 no
50 18 16 668 633 35 yes
52 27 28 669 614 55 yes
62 2 2 670 625 45 yes
23 33 46 670 625 45 yes
80 5 6 670 625 45 yes
6 9 4 671 621 50 yes
67 1 31 673 628 45 yes
70 7 4 674 629 45 yes
88 51 56 675 640 35 yes
90 19 73 676 656 20 yes
10 26 113 677 632 45 yes
25 49 32 677 672 5 yes
65 14 14 678 623 55 yes
82 9 47 679 644 35 yes
5 6 6 680 640 40 yes
4 29 135 680 630 50 yes
60 19 73 681 626 55 yes
91 0 46 686 651 35 yes
85 37 38 689 659 30 yes
1 39 40 690 635 55 yes
15 6 90 690 645 45 yes
94 31 10 691 651 40 yes
56 25 25 693 643 50 yes
37 161 74 693 693 0 yes
92 3 3 694 654 40 yes
12 82 66 695 650 45 yes
64 150 9 695 655 40 yes
45 6 168 695 650 45 no
8 82 66 695 680 15 yes
37 74 2 695 695 0 yes
90 73 9 696 676 20 yes
28 24 4 697 662 35 yes
68 22 22 699 649 50 yes
93 126 115 699 664 35 yes
40 4 12 700 650 50 yes
17 82 49 700 675 25 yes
39 4 35 700 650 50 yes
13 9 1 701 631 70 yes
58 87 87 702 662 40 yes
76 63 2 703 663 40 yes
44 82 162 705 650 55 no
51 29 30 705 665 40 yes
33 56 56 706 661 45 yes
20 73 100 706 661 45 yes
25 32 32 706 696 10 yes
81 30 4 708 663 45 yes
72 44 44 709 664 45 yes
42 118 167 710 655 55 no
38 29 6 710 655 55 yes
87 6 29 710 670 40 yes
8 66 66 710 690 20 yes
89 78 78 711 661 50 yes
11 55 4 714 664 50 yes
30 47 47 715 650 65 yes
22 116 9 715 665 50 yes
25 32 82 717 697 20 yes
49 82 56 719 679 40 yes
31 21 111 719 669 50 yes
71 82 104 720 665 55 yes
36 6 6 720 660 60 yes
27 6 4 720 665 55 yes
21 4 1 720 675 45 yes
48 6 6 720 670 50 yes
85 38 38 720 690 30 yes
10 113 113 722 672 50 yes
74 47 47 725 695 30 yes
6 4 15 725 670 55 yes
5 6 55 725 675 50 yes
17 49 49 727 697 30 yes
35 15 15 730 675 55 yes
18 4 6 730 665 65 yes
88 56 164 731 686 45 no
63 91 58 732 667 65 yes
8 66 19 733 708 25 yes
2 60 78 734 679 55 yes
91 46 46 734 694 40 yes
79 43 43 735 690 45 yes
65 14 64 735 675 60 yes
37 2 4 735 725 10 yes
82 47 151 736 696 40 yes
60 73 9 736 671 65 yes
73 16 4 738 688 50 yes
92 3 4 739 694 45 yes
29 82 162 740 705 35 no
70 4 6 740 690 50 yes
4 135 4 740 690 50 yes
12 66 66 740 695 45 yes
14 163 109 740 730 10 yes
83 19 23 743 703 40 yes
50 16 6 743 698 45 yes
62 2 2 743 698 45 yes
93 115 169 743 703 40 no
56 25 15 745 695 50 yes
58 87 87 745 705 40 yes
3 16 88 749 674 75 yes
87 29 29 750 710 40 yes
67 31 10 751 696 55 yes
76 2 2 751 701 50 yes
15 90 90 753 708 45 yes
81 4 4 754 704 50 yes
80 6 6 755 705 50 yes
68 22 0 755 695 60 yes
85 38 31 755 720 35 yes
64 9 1 756 711 45 yes
74 47 57 756 721 35 yes
55 27 28 759 709 50 yes
66 6 4 760 695 65 yes
28 4 6 760 720 40 yes
37 4 6 760 745 15 yes
90 9 9 761 741 20 yes
89 78 60 762 702 60 yes
40 12 160 765 715 50 no
25 82 28 765 735 30 yes
14 109 0 765 750 15 yes
23 46 46 766 721 45 yes
38 6 6 766 711 55 yes
52 28 66 768 713 55 yes
33 56 51 769 719 50 yes
20 100 49 769 714 55 yes
31 111 111 769 719 50 yes
1 40 102 770 710 60 yes
39 35 35 770 710 60 yes
21 1 10 770 720 50 yes
13 1 1 772 692 80 yes
51 30 6 773 733 40 yes
10 113 16 773 713 60 yes
17 49 59 773 738 35 yes
48 6 3 775 725 50 yes
91 46 29 775 725 50 yes
94 10 10 776 731 45 yes
27 4 4 776 721 55 yes
82 151 47 776 731 45 yes
72 44 29 778 723 55 yes
7 60 60 779 734 45 yes
90 9 19 783 758 25 yes
49 56 56 784 734 50 yes
36 6 75 785 725 60 yes
79 43 32 785 735 50 yes
29 162 66 785 785 0 yes
30 47 57 786 711 75 yes
71 104 104 786 731 55 yes
12 66 1 786 731 55 yes
70 6 6 790 730 60 yes
83 23 23 790 750 40 yes
87 29 30 791 751 40 yes
29 66 1 791 781 10 yes
32 166 29 791 786 5 yes
73 4 4 792 742 50 yes
50 6 6 793 738 55 yes
35 15 6 795 735 60 yes
37 6 88 795 770 25 yes
16 163 6 795 790 5 yes
9 168 9 796 796 0 yes
63 58 58 797 722 75 yes
92 4 4 797 742 55 yes
25 28 28 798 758 40 yes
26 163 33 798 798 0 yes
58 87 42 800 755 45 yes
28 6 90 800 750 50 yes
19 162 71 800 795 5 yes
8 19 73 801 771 30 yes
64 1 1 802 747 55 yes
76 2 74 803 753 50 yes
15 90 19 803 748 55 yes
53 163 50 804 794 10 yes
11 4 6 805 745 60 yes
81 4 79 805 745 60 yes
41 166 23 805 800 5 yes
74 57 1 808 768 40 yes
9 9 57 808 808 0 yes
22 9 4 809 754 55 yes
80 6 100 810 755 55 yes
26 33 76 810 810 0 yes
59 160 133 810 805 5 yes
16 6 50 812 807 5 yes
19 71 60 813 803 10 yes
54 163 6 813 813 0 yes
51 6 6 814 774 40 yes
18 6 29 815 750 65 yes
23 46 29 815 765 50 yes
32 29 46 815 805 10 yes
5 55 55 816 761 55 yes
14 0 0 816 796 20 yes
41 23 9 819 809 10 yes
59 133 81 819 809 10 yes
6 15 74 820 755 65 yes
4 4 33 820 770 50 yes
82 47 48 821 776 45 yes
65 64 13 824 759 65 yes
37 88 88 824 789 35 yes
53 50 6 824 804 20 yes
40 160 10 824 814 10 yes
3 88 88 825 740 85 yes
38 6 45 825 765 60 yes
54 6 58 825 820 5 yes
62 2 2 826 776 50 yes
66 4 4 826 751 75 yes
52 66 1 826 771 55 yes
7 60 78 829 774 55 yes
68 0 1 830 765 65 yes
1 102 102 830 760 70 yes
8 73 9 831 801 30 yes
31 111 20 833 773 60 yes
85 31 0 835 790 45 yes
27 4 65 835 780 55 yes
33 51 51 836 781 55 yes
39 35 6 837 767 70 yes
48 3 3 839 779 60 yes
56 15 15 840 790 50 yes
20 49 49 845 780 65 yes
60 9 168 846 781 65 no
25 28 27 847 802 45 yes
17 59 28 848 803 45 yes
94 10 0 848 793 55 yes
74 1 33 848 798 50 yes
26 76 101 848 838 10 yes
59 81 81 848 833 15 yes
2 78 78 849 794 55 yes
49 56 51 849 794 55 yes
71 104 69 850 795 55 yes
67 10 96 851 786 65 yes
57 163 1 851 851 0 yes
54 58 58 852 847 5 yes
55 28 28 853 798 55 yes
13 1 31 853 773 80 yes
70 6 90 855 785 70 yes
73 4 6 855 795 60 yes
92 4 35 855 790 65 yes
58 42 42 855 810 45 yes
51 6 91 855 810 45 yes
29 1 6 857 842 15 yes
90 19 52 858 828 30 yes
79 32 32 858 798 60 yes
9 57 23 858 853 5 yes
40 10 0 858 843 15 yes
87 30 6 859 814 45 yes
50 6 58 860 805 55 yes
37 88 5 860 820 40 yes
72 29 29 862 797 65 yes
54 58 4 862 857 5 yes
57 1 31 863 858 5 yes
10 16 1 864 804 60 yes
64 1 82 864 804 60 yes
9 23 23 864 849 15 yes
11 6 6 865 795 70 yes
14 0 109 867 837 30 yes
28 90 1 868 808 60 yes
22 4 4 868 808 60 yes
26 101 101 868 848 20 yes
83 23 47 869 829 40 yes
95 165 43 870 870 0 yes
95 43 32 870 860 10 yes
36 75 75 871 811 60 yes
75 166 73 873 863 10 yes
5 55 4 874 819 55 yes
59 81 15 874 859 15 yes
21 10 10 875 815 60 yes
4 33 33 875 815 60 yes
15 19 73 876 811 65 yes
63 58 4 877 802 75 yes
29 6 6 877 857 20 yes
30 57 7 878 793 85 yes
81 79 79 878 813 65 yes
62 2 63 878 823 55 yes
19 60 60 879 859 20 yes
32 46 46 879 864 15 yes
16 50 50 880 870 10 yes
18 29 29 880 815 65 yes
85 0 0 880 825 55 yes
41 9 9 881 866 15 yes
80 100 7 884 824 60 yes
91 29 4 885 835 50 yes
65 13 14 890 820 70 yes
75 73 82 891 881 10 yes
76 74 161 892 842 50 no
33 51 52 893 833 60 yes
89 60 60 894 824 70 yes
9 23 9 894 874 20 yes
35 6 6 895 830 65 yes
56 15 6 895 845 50 yes
54 4 6 895 890 5 yes
32 46 29 895 880 15 yes
82 48 6 896 846 50 yes
12 1 4 897 832 65 yes
53 6 29 898 868 30 yes
74 33 18 898 843 55 yes
41 9 57 898 878 20 yes
59 15 133 900 875 25 yes
54 6 6 900 895 5 yes
57 31 10 901 886 15 yes
45 168 75 902 902 0 yes
77 168 6 903 903 0 yes
6 74 74 903 833 70 yes
95 32 32 903 888 15 yes
86 164 73 903 903 0 yes
48 3 4 904 839 65 yes
2 78 107 905 840 65 yes
87 6 6 905 860 45 yes
16 50 25 905 890 15 yes
8 9 88 906 866 40 yes
31 20 165 910 845 65 no
27 65 65 910 855 55 yes
58 42 29 910 865 45 yes
54 6 58 910 900 10 yes
20 49 59 913 848 65 yes
17 28 28 913 858 55 yes
26 101 16 915 895 20 yes
29 6 90 915 890 25 yes
77 6 42 915 905 10 yes
67 96 96 916 841 75 yes
84 163 9 916 906 10 yes
38 45 45 917 857 60 yes
90 52 52 917 887 30 yes
40 0 1 919 899 20 yes
44 162 49 919 919 0 yes
3 88 89 920 825 95 yes
45 75 4 920 915 5 yes
43 160 0 920 920 0 yes
49 51 51 921 856 65 yes
1 102 39 923 843 80 yes
10 1 1 924 859 65 yes
23 29 29 925 870 55 yes
44 49 59 925 920 5 yes
79 32 43 926 856 70 yes
95 32 43 926 906 20 yes
93 169 126 926 921 5 yes
51 91 58 927 872 55 yes
83 47 47 927 877 50 yes
47 160 0 927 927 0 yes
53 29 29 928 893 35 yes
68 1 33 929 859 70 yes
25 27 28 929 874 55 yes
72 29 4 930 855 75 yes
22 4 26 930 870 60 yes
36 75 4 934 869 65 yes
66 4 26 935 860 75 yes
39 6 29 935 865 70 yes
14 109 109 935 905 30 yes
91 4 4 935 875 60 yes
43 0 37 935 930 5 yes
52 1 163 937 882 55 no
50 58 58 937 872 65 yes
84 9 57 938 928 10 yes
92 35 35 940 870 70 yes
11 6 100 940 865 75 yes
28 1 10 940 875 65 yes
15 73 9 941 866 75 yes
62 63 63 941 886 55 yes
86 73 100 941 931 10 yes
54 58 58 942 927 15 yes
47 0 109 942 937 5 yes
71 69 52 943 878 65 yes
70 90 90 943 868 75 yes
42 167 54 943 938 5 yes
96 163 65 944 934 10 yes
7 78 78 944 879 65 yes
73 6 6 944 879 65 yes
77 42 42 944 934 10 yes
93 126 115 944 934 10 yes
37 5 161 945 900 45 no
4 33 18 945 875 70 yes
81 79 6 945 875 70 yes
80 7 7 945 880 65 yes
75 82 66 945 930 15 yes
55 28 27 947 892 55 yes
8 88 88 947 897 50 yes
97 163 1 948 938 10 yes
21 10 0 948 878 70 yes
94 0 1 949 884 65 yes
85 0 37 950 890 60 yes
82 6 6 951 901 50 yes
87 6 45 951 896 55 yes
45 4 4 951 936 15 yes
18 29 4 955 890 65 yes
59 133 160 956 921 35 no
29 90 90 958 928 30 yes
42 54 33 960 955 5 yes
75 66 66 960 935 25 yes
57 10 96 961 936 25 yes
54 58 4 962 947 15 yes
93 115 126 963 943 20 yes
35 6 24 965 890 75 yes
53 29 41 965 920 45 yes
88 164 60 965 955 10 yes
37 161 17 965 965 0 yes
13 31 10 966 881 85 yes
9 9 3 966 941 25 yes
12 4 4 966 901 65 yes
96 65 6 967 952 15 yes
41 57 166 968 938 30 no
98 162 69 969 969 0 yes
89 60 61 969 899 70 yes
86 100 78 969 954 15 yes
5 4 29 970 910 60 yes
32 29 29 970 945 25 yes
16 25 50 970 950 20 yes
44 59 51 970 955 15 yes
95 43 43 970 940 30 yes
77 42 29 970 960 10 yes
97 1 10 970 950 20 yes
30 7 7 971 881 90 yes
45 4 6 971 951 20 yes
17 28 59 973 913 60 yes
40 1 6 973 953 20 yes
63 4 6 975 890 85 yes
58 29 45 975 920 55 yes
26 16 1 975 945 30 yes
61 162 78 976 976 0 yes
27 65 6 977 912 65 yes
90 52 51 977 942 35 yes
98 69 70 977 977 0 yes
2 107 78 978 903 75 yes
83 47 48 978 923 55 yes
64 82 66 980 920 60 yes
6 74 2 980 900 80 yes
38 45 29 980 915 65 yes
14 109 0 980 945 35 yes
88 60 61 980 965 15 yes
48 4 6 982 917 65 yes
51 58 58 982 917 65 yes
56 6 50 985 935 50 yes
23 29 4 985 930 55 yes
47 109 109 985 970 15 yes
37 17 18 985 975 10 yes
57 96 96 986 951 35 yes
42 33 25 987 977 10 yes
65 14 4 988 908 80 yes
75 66 19 988 958 30 yes
24 160 93 989 979 10 yes
49 51 56 990 915 75 yes
61 78 107 990 985 5 yes
78 160 68 991 991 0 yes
74 18 18 992 932 60 yes
33 52 49 993 923 70 yes
29 90 19 993 953 40 yes
93 126 126 993 973 20 yes
41 166 73 993 993 0 yes
19 60 71 994 964 30 yes
43 37 38 994 979 15 yes
9 3 3 997 967 30 yes
84 57 23 998 978 20 yes
62 63 2 998 938 60 yes
40 6 6 998 973 25 yes
42 25 25 998 978 20 yes
46 167 44 998 988 10 yes
68 33 33 999 924 75 yes
16 50 50 999 979 20 yes
91 4 26 1000 935 65 yes
32 29 46 1000 965 35 yes
77 29 6 1000 990 10 yes
41 73 82 1001 1001 0 yes
86 78 78 1003 983 20 yes
61 107 78 1003 993 10 yes
59 160 46 1003 993 10 yes
99 169 126 1004 999 5 yes
39 29 29 1005 935 70 yes
54 4 4 1005 990 15 yes
95 43 32 1005 970 35 yes
26 1 1 1005 975 30 yes
78 68 15 1005 1005 0 yes
82 6 42 1006 946 60 yes
50 58 4 1007 937 70 yes
44 51 51 1007 992 15 yes
7 78 107 1010 940 70 yes
73 6 91 1010 935 75 yes
96 6 4 1010 990 20 yes
43 38 38 1010 995 15 yes
46 44 33 1010 995 15 yes
45 6 6 1011 991 20 yes
77 6 6 1011 991 20 yes
71 52 52 1012 942 70 yes
98 70 104 1012 1012 0 yes
67 96 1 1014 939 75 yes
98 104 104 1014 1004 10 yes
47 109 0 1015 990 25 yes
22 26 93 1017 947 70 yes
92 35 6 1017 942 75 yes
59 46 33 1017 1007 10 yes
20 59 32 1018 948 70 yes
84 23 23 1019 999 20 yes
10 1 10 1020 955 65 yes
79 43 43 1020 950 70 yes
37 18 108 1020 1005 15 yes
42 25 15 1020 995 25 yes
78 15 15 1020 1010 10 yes
24 93 6 1021 1011 10 yes
61 78 78 1021 1001 20 yes
99 126 115 1022 1017 5 yes
70 90 19 1023 943 80 yes
44 51 52 1023 1003 20 yes
100 161 17 1025 1020 5 yes
36 4 6 1025 950 75 yes
8 88 5 1025 965 60 yes
87 45 45 1025 970 55 yes
54 4 6 1025 1005 20 yes
72 4 4 1027 952 75 yes
1 39 39 1028 938 90 yes
25 28 83 1028 973 55 yes
16 50 25 1028 998 30 yes
81 6 6 1029 949 80 yes
43 38 31 1030 1010 20 yes
98 104 69 1030 1015 15 yes
5 29 29 1031 961 70 yes
96 4 4 1031 1001 30 yes
11 100 69 1034 959 75 yes
12 4 6 1035 960 75 yes
40 6 58 1035 1005 30 yes
99 115 126 1036 1031 5 yes
66 26 113 1037 952 85 yes
55 27 28 1039 984 55 yes
58 45 45 1039 984 55 yes
9 3 4 1039 1004 35 yes
64 66 66 1040 980 60 yes
26 1 50 1041 1001 40 yes
18 4 29 1042 977 65 yes
57 96 1 1044 1004 40 yes
3 89 89 1045 950 95 yes
97 10 10 1045 1015 30 yes
41 82 66 1045 1045 0 yes
78 15 68 1045 1025 20 yes
41 66 66 1045 1040 5 yes
37 108 108 1046 1026 20 yes
48 6 6 1047 972 75 yes
86 78 60 1047 1017 30 yes
94 1 90 1048 983 65 yes
90 51 51 1050 1005 45 yes
77 6 75 1050 1025 25 yes
100 17 122 1050 1035 15 yes
14 0 97 1051 1011 40 yes
29 19 23 1051 1001 50 yes
99 126 126 1051 1036 15 yes
51 58 4 1052 982 70 yes
88 61 78 1053 1028 25 yes
41 66 19 1053 1043 10 yes
80 7 4 1054 989 65 yes
53 41 41 1054 1009 45 yes
93 126 115 1054 1029 25 yes
84 23 9 1054 1024 30 yes
46 33 29 1055 1035 20 yes
45 6 42 1056 1026 30 yes
61 78 60 1056 1026 30 yes
28 10 10 1060 995 65 yes
63 6 6 1060 970 90 yes
15 9 9 1061 986 75 yes
2 78 78 1061 981 80 yes
75 19 73 1061 1026 35 yes
95 32 32 1061 1016 45 yes
4 18 161 1062 992 70 no
23 4 9 1062 997 65 yes
74 18 16 1063 1003 60 yes
21 0 98 1064 994 70 yes
85 37 38 1064 1004 60 yes
38 29 6 1065 1000 65 yes
24 6 3 1065 1045 20 yes
96 4 6 1065 1035 30 yes
35 24 7 1066 991 75 yes
83 48 4 1066 1006 60 yes
62 2 2 1066 996 70 yes
33 49 32 1067 987 80 yes
17 59 32 1068 998 70 yes
30 7 4 1069 969 100 yes
27 6 6 1070 1005 65 yes
54 6 6 1074 1044 30 yes
100 122 161 1074 1049 25 no
47 0 0 1076 1051 25 yes
68 33 34 1078 998 80 yes
65 4 4 1079 994 85 yes
19 71 69 1079 1049 30 yes
88 78 78 1079 1054 25 yes
59 33 29 1080 1065 15 yes
78 68 0 1080 1050 30 yes
46 29 30 1080 1050 30 yes
44 52 49 1083 1063 20 yes
98 69 162 1083 1068 15 no
82 42 42 1085 1020 65 yes
49 56 56 1086 1011 75 yes
71 52 51 1087 1007 80 yes
40 58 58 1087 1047 40 yes
9 4 4 1087 1047 40 yes
7 107 78 1088 1008 80 yes
25 83 83 1088 1033 55 yes
97 10 0 1088 1058 30 yes
93 115 169 1088 1053 35 no
32 46 46 1089 1054 35 yes
20 32 32 1089 1014 75 yes
99 126 115 1089 1069 20 yes
42 15 16 1090 1055 35 yes
91 26 113 1092 1022 70 yes
56 50 50 1093 1043 50 yes
37 108 15 1094 1064 30 yes
6 2 160 1095 1005 90 no
39 29 30 1095 1015 80 yes
79 43 32 1095 1025 70 yes
43 31 160 1095 1065 30 no
58 45 29 1095 1030 65 yes
13 10 96 1096 1006 90 yes
87 45 29 1096 1041 55 yes
75 73 9 1096 1051 45 yes
22 93 16 1097 1017 80 yes
90 51 52 1098 1053 45 yes
24 3 3 1099 1069 30 yes
36 6 6 1100 1015 85 yes
59 29 125 1100 1075 25 yes
77 75 75 1101 1076 25 yes
89 61 69 1104 1034 70 yes
64 66 1 1104 1044 60 yes
50 4 4 1105 1035 70 yes
5 29 46 1105 1035 70 yes
45 42 42 1105 1070 35 yes
54 6 91 1105 1070 35 yes
41 19 73 1106 1086 20 yes
44 49 32 1107 1077 30 yes
18 29 29 1108 1033 75 yes
29 23 23 1108 1048 60 yes
72 4 12 1110 1030 80 yes
73 91 58 1112 1037 75 yes
95 32 43 1112 1057 55 yes
19 69 69 1112 1072 40 yes
16 25 25 1113 1083 30 yes
14 97 97 1113 1073 40 yes
100 161 18 1113 1108 5 yes
96 6 33 1115 1085 30 yes
78 0 0 1118 1078 40 yes
99 115 169 1118 1088 30 no
53 41 29 1119 1069 50 yes
92 6 4 1120 1040 80 yes
70 19 73 1121 1036 85 yes
66 113 113 1122 1037 85 yes
81 6 121 1125 1035 90 yes
48 6 4 1125 1040 85 yes
94 90 90 1125 1055 70 yes
85 38 38 1125 1055 70 yes
47 0 37 1125 1090 35 yes
88 78 60 1125 1090 35 yes
32 46 29 1125 1090 35 yes
41 73 9 1126 1106 20 yes
11 69 69 1129 1054 75 yes
86 60 164 1129 1089 40 no
77 75 4 1129 1104 25 yes
8 5 5 1130 1060 70 yes
1 39 142 1130 1040 90 yes
83 4 12 1130 1065 65 yes
9 4 6 1130 1090 40 yes
38 6 6 1131 1066 65 yes
23 9 9 1132 1062 70 yes
40 58 4 1132 1092 40 yes
100 18 16 1133 1118 15 yes
24 3 4 1134 1104 30 yes
84 9 25 1136 1101 35 yes
55 28 52 1138 1073 65 yes
28 10 22 1138 1068 70 yes
15 9 19 1138 1053 85 yes
62 2 2 1138 1063 75 yes
46 30 39 1138 1108 30 yes
12 6 6 1139 1059 80 yes
57 1 9 1139 1099 40 yes
17 32 32 1139 1059 80 yes
10 10 10 1140 1070 70 yes
26 50 50 1140 1095 45 yes
80 4 6 1140 1065 75 yes
21 98 9 1140 1070 70 yes
27 6 91 1140 1075 65 yes
3 89 16 1141 1036 105 yes
51 4 29 1145 1065 80 yes
25 83 71 1145 1090 55 yes
37 15 15 1145 1110 35 yes
67 1 4 1146 1066 80 yes
56 50 6 1146 1091 55 yes
96 33 33 1149 1114 35 yes
16 25 15 1150 1110 40 yes
35 7 7 1151 1076 75 yes
63 6 42 1155 1060 95 yes
59 125 2 1156 1131 25 yes
45 42 29 1156 1111 45 yes
14 97 39 1160 1115 45 yes
44 32 32 1161 1126 35 yes
91 113 113 1162 1092 70 yes
78 0 109 1162 1117 45 yes
97 0 1 1164 1134 30 yes
65 4 6 1165 1080 85 yes
74 16 33 1166 1101 65 yes
82 42 29 1166 1091 75 yes
2 78 60 1167 1082 85 yes
54 91 58 1167 1122 45 yes
61 60 60 1169 1139 30 yes
42 16 33 1169 1124 45 yes
33 32 32 1171 1091 80 yes
87 29 29 1171 1116 55 yes
19 69 70 1172 1127 45 yes
84 25 25 1172 1137 35 yes
7 78 78 1176 1096 80 yes
24 4 29 1177 1147 30 yes
49 56 51 1179 1104 75 yes
68 34 54 1180 1095 85 yes
58 29 29 1180 1105 75 yes
50 4 6 1180 1105 75 yes
77 4 168 1180 1145 35 no
57 9 9 1180 1140 40 yes
89 69 70 1181 1101 80 yes
90 52 66 1183 1128 55 yes
37 15 62 1183 1143 40 yes
29 23 9 1184 1119 65 yes
96 33 18 1185 1145 40 yes
79 32 32 1186 1116 70 yes
13 96 96 1186 1086 100 yes
75 9 9 1186 1131 55 yes
26 50 25 1186 1136 50 yes
73 58 58 1187 1107 80 yes
100 16 33 1188 1163 25 yes
30 4 163 1190 1080 110 no
36 6 75 1190 1095 95 yes
18 29 4 1190 1110 80 yes
9 6 168 1190 1150 40 no
46 39 39 1190 1155 35 yes
41 9 9 1191 1166 25 yes
95 43 165 1195 1130 65 no
44 32 82 1197 1152 45 yes
85 38 31 1200 1125 75 yes
38 6 45 1200 1135 65 yes
40 4 4 1200 1160 40 yes
92 4 4 1201 1121 80 yes
39 30 6 1203 1113 90 yes
23 9 19 1203 1128 75 yes
59 2 2 1203 1173 30 yes
71 51 51 1205 1120 85 yes
72 12 67 1205 1115 90 yes
8 5 16 1205 1130 75 yes
70 73 9 1206 1116 90 yes
55 52 52 1207 1137 70 yes
25 71 162 1207 1152 55 no
20 32 28 1208 1128 80 yes
94 90 19 1208 1133 75 yes
24 29 29 1208 1173 35 yes
83 12 25 1210 1145 65 yes
11 69 70 1212 1137 75 yes
54 58 58 1212 1167 45 yes
47 37 38 1214 1179 35 yes
100 33 33 1214 1184 30 yes
22 16 33 1215 1135 80 yes
80 6 6 1215 1140 75 yes
42 33 33 1215 1170 45 yes
64 1 75 1217 1157 60 yes
41 9 19 1218 1188 30 yes
12 6 42 1220 1135 85 yes
45 29 67 1221 1171 50 yes
53 29 1 1222 1172 50 yes
32 29 29 1222 1182 40 yes
88 60 164 1223 1188 35 no
10 10 0 1223 1143 80 yes
14 39 39 1223 1178 45 yes
51 29 29 1226 1146 80 yes
97 1 1 1228 1193 35 yes
5 46 0 1229 1149 80 yes
48 4 4 1230 1145 85 yes
17 32 82 1230 1150 80 yes
67 4 4 1230 1140 90 yes
61 60 71 1230 1200 30 yes
46 39 40 1230 1195 35 yes
87 29 30 1231 1171 60 yes
27 91 58 1232 1162 70 yes
74 33 33 1232 1162 70 yes
91 113 6 1233 1153 80 yes
16 15 15 1235 1195 40 yes
84 25 15 1235 1190 45 yes
1 142 97 1236 1141 95 yes
66 113 16 1238 1148 90 yes
28 22 22 1239 1159 80 yes
21 9 1 1239 1159 80 yes
90 66 1 1241 1186 55 yes
57 9 116 1243 1193 50 yes
75 9 19 1243 1183 60 yes
37 62 108 1244 1199 45 yes
78 109 109 1245 1190 55 yes
40 4 6 1245 1200 45 yes
24 29 4 1245 1205 40 yes
47 38 38 1250 1210 40 yes
62 2 2 1251 1166 85 yes
33 32 82 1252 1167 85 yes
19 70 49 1252 1207 45 yes
81 121 103 1253 1158 95 yes
35 7 4 1254 1174 80 yes
56 6 6 1255 1190 65 yes
58 29 30 1260 1175 85 yes
82 29 4 1261 1181 80 yes
79 32 43 1262 1187 75 yes
54 58 4 1262 1217 45 yes
68 54 54 1265 1175 90 yes
32 29 4 1265 1220 45 yes
96 18 18 1267 1222 45 yes
63 42 42 1269 1174 95 yes
65 6 29 1270 1175 95 yes
44 82 69 1270 1225 45 yes
100 33 18 1270 1240 30 yes
42 33 118 1270 1220 50 yes
14 39 142 1270 1225 45 yes
49 51 51 1271 1196 75 yes
59 2 0 1271 1241 30 yes
73 58 4 1272 1192 80 yes
15 19 73 1273 1183 90 yes
53 1 1 1276 1216 60 yes
3 16 168 1279 1169 110 no
16 15 6 1280 1230 50 yes
45 67 6 1281 1231 50 yes
7 78 60 1282 1197 85 yes
55 52 51 1282 1207 75 yes
50 6 25 1284 1199 85 yes
38 45 45 1284 1209 75 yes
92 4 35 1285 1195 90 yes
83 25 26 1285 1210 75 yes
26 25 88 1286 1226 60 yes
97 1 47 1287 1242 45 yes
46 40 102 1288 1248 40 yes
64 75 75 1290 1225 65 yes
37 108 108 1290 1245 45 yes
18 4 4 1292 1212 80 yes
71 51 52 1293 1203 90 yes
39 6 6 1294 1194 100 yes
72 67 67 1295 1200 95 yes
80 6 24 1295 1210 85 yes
47 38 31 1295 1245 50 yes
89 70 69 1296 1211 85 yes
22 33 33 1296 1211 85 yes
41 19 166 1298 1268 30 no
29 9 1 1301 1236 65 yes
94 19 73 1301 1216 85 yes
27 58 58 1302 1227 75 yes
74 33 76 1303 1233 70 yes
13 96 1 1307 1207 100 yes
13 404 404 404 404 404 404
24 4 4 1307 1262 45 yes
19 49 49 1308 1258 50 yes
51 29 30 1310 1230 80 yes
36 75 75 1311 1216 95 yes
61 71 162 1315 1275 40 no
78 109 0 1315 1255 60 yes
44 69 69 1318 1268 50 yes
59 0 0 1318 1283 35 yes
87 30 4 1319 1259 60 yes
40 6 1 1319 1269 50 yes
85 31 0 1320 1235 85 yes
28 22 31 1320 1230 90 yes
21 1 1 1320 1230 90 yes
11 70 56 1322 1247 75 yes
5 0 0 1322 1232 90 yes
96 18 16 1323 1273 50 yes
2 60 60 1324 1229 95 yes
8 16 25 1324 1239 85 yes
20 28 55 1324 1244 80 yes
12 42 29 1324 1234 90 yes
48 4 35 1325 1235 90 yes
84 15 15 1325 1275 50 yes
56 6 24 1325 1260 65 yes
23 19 73 1328 1243 85 yes
46 102 102 1328 1283 45 yes
67 4 79 1330 1230 100 yes
67 404 404 404 404 404 404
54 4 109 1330 1275 55 yes
57 116 116 1331 1281 50 yes
14 142 163 1331 1276 55 no
1 97 97 1332 1237 95 yes
1 404 404 404 404 404 404
32 4 9 1332 1277 55 yes
62 2 63 1338 1248 90 yes
91 6 29 1340 1250 90 yes
70 9 4 1341 1251 90 yes
82 4 4 1341 1261 80 yes
26 88 88 1346 1286 60 yes
81 103 103 1348 1243 105 yes
81 404 404 404 404 404 404
10 0 1 1349 1264 85 yes
10 404 404 404 404 404 404
53 1 47 1349 1289 60 yes
37 108 15 1349 1294 55 yes
42 118 167 1350 1300 50 no
49 51 56 1350 1265 85 yes
49 404 404 404 404 404 404
17 82 49 1351 1266 85 yes
45 6 6 1351 1301 50 yes
90 1 45 1352 1297 55 yes
75 19 166 1353 1288 65 no
35 4 2 1355 1265 90 yes
35 404 404 404 404 404 404
100 18 161 1355 1320 35 no
59 0 139 1358 1318 40 yes
66 16 1 1359 1269 90 yes
66 404 404 404 404 404 404
24 4 12 1360 1305 55 yes
97 47 48 1362 1317 45 yes
15 73 73 1363 1268 95 yes
15 404 404 404 404 404 404
64 75 4 1364 1289 75 yes
64 404 404 404 404 404 404
33 82 162 1365 1275 90 no
79 43 43 1365 1280 85 yes
79 404 404 404 404 404 404
65 29 29 1365 1265 100 yes
65 404 404 404 404 404 404
29 1 1 1367 1292 75 yes
29 404 404 404 404 404 404
19 49 32 1367 1307 60 yes
19 404 404 404 404 404 404
68 54 33 1370 1275 95 yes
68 404 404 404 404 404 404
16 6 29 1370 1315 55 yes
58 30 6 1373 1288 85 yes
58 404 404 404 404 404 404
50 25 25 1373 1283 90 yes
50 404 404 404 404 404 404
40 1 1 1373 1318 55 yes
73 4 163 1375 1285 90 no
38 45 29 1375 1300 75 yes
38 404 404 404 404 404 404
46 102 39 1375 1325 50 yes
46 404 404 404 404 404 404
44 69 70 1377 1317 60 yes
44 404 404 404 404 404 404
63 42 29 1380 1275 105 yes
63 404 404 404 404 404 404
18 4 6 1380 1290 90 yes
18 404 404 404 404 404 404
87 4 4 1380 1310 70 yes
87 404 404 404 404 404 404
84 15 16 1380 1320 60 yes
84 404 404 404 404 404 404
27 58 4 1382 1297 85 yes
27 404 404 404 404 404 404
94 73 9 1386 1291 95 yes
94 404 404 404 404 404 404
57 116 9 1387 1327 60 yes
57 404 404 404 404 404 404
47 31 160 1390 1335 55 no
22 33 76 1391 1296 95 yes
22 404 404 404 404 404 404
83 26 113 1392 1317 75 yes
83 404 404 404 404 404 404
32 9 9 1392 1332 60 yes
32 404 404 404 404 404 404
89 69 69 1394 1309 85 yes
89 404 404 404 404 404 404
55 51 51 1395 1310 85 yes
55 404 404 404 404 404 404
92 35 35 1395 1295 100 yes
92 404 404 404 404 404 404
54 109 109 1404 1339 65 yes
54 404 404 404 404 404 404
85 0 0 1405 1320 85 yes
85 404 404 404 404 404 404
80 24 24 1406 1311 95 yes
80 404 404 404 404 404 404
45 6 58 1406 1351 55 yes
45 404 404 404 404 404 404
20 55 55 1407 1322 85 yes
20 404 404 404 404 404 404
36 75 4 1409 1304 105 yes
36 404 404 404 404 404 404
39 6 55 1410 1300 110 yes
39 404 404 404 404 404 404
72 67 6 1410 1315 95 yes
72 404 404 404 404 404 404
8 25 25 1410 1320 90 yes
8 404 404 404 404 404 404
26 88 5 1410 1350 60 yes
26 404 404 404 404 404 404
74 76 76 1411 1336 75 yes
74 404 404 404 404 404 404
78 0 160 1411 1341 70 no
11 56 56 1413 1333 80 yes
11 404 404 404 404 404 404
96 16 1 1413 1363 50 yes
96 404 404 404 404 404 404
23 73 73 1413 1328 85 yes
23 404 404 404 404 404 404
59 139 160 1414 1364 50 no
56 24 24 1416 1341 75 yes
56 404 404 404 404 404 404
5 0 109 1417 1322 95 yes
5 404 404 404 404 404 404
90 45 45 1417 1357 60 yes
90 404 404 404 404 404 404
51 30 6 1418 1333 85 yes
51 404 404 404 404 404 404
71 52 49 1423 1333 90 yes
71 404 404 404 404 404 404
21 1 82 1424 1329 95 yes
21 404 404 404 404 404 404
2 60 61 1424 1329 95 yes
2 404 404 404 404 404 404
37 15 15 1425 1360 65 yes
37 404 404 404 404 404 404
16 29 29 1425 1370 55 yes
16 404 404 404 404 404 404
82 4 79 1426 1341 85 yes
82 404 404 404 404 404 404
28 31 1 1427 1337 90 yes
28 404 404 404 404 404 404
91 29 33 1430 1335 95 yes
91 404 404 404 404 404 404
53 47 33 1430 1365 65 yes
53 404 404 404 404 404 404
24 12 67 1430 1370 60 yes
24 404 404 404 404 404 404
40 1 31 1433 1368 65 yes
40 404 404 404 404 404 404
12 29 6 1434 1339 95 yes
12 404 404 404 404 404 404
48 35 35 1435 1335 100 yes
48 404 404 404 404 404 404
70 4 117 1435 1340 95 yes
70 404 404 404 404 404 404
62 63 63 1436 1341 95 yes
62 404 404 404 404 404 404
97 48 29 1437 1387 50 yes
97 404 404 404 404 404 404
17 49 49 1438 1348 90 yes
17 404 404 404 404 404 404
7 60 60 1439 1349 90 yes
7 404 404 404 404 404 404
