vehID FromStopID ToStopID Uhrzeit(Ist) Uhrzeit(Soll) Delay Drive_Continue
1 167 114 251 251 0 yes
2 162 23 256 256 0 yes
1 114 29 265 265 0 yes
3 168 5 270 270 0 yes
4 161 18 273 273 0 yes
5 163 131 274 274 0 yes
6 160 22 276 276 0 yes
7 164 60 278 278 0 yes
6 22 0 280 280 0 yes
8 166 101 281 281 0 yes
7 60 71 283 283 0 yes
2 23 9 285 285 0 yes
4 18 16 288 288 0 yes
10 160 143 289 289 0 yes
11 165 20 290 290 0 yes
12 168 135 290 290 0 yes
11 20 21 290 290 0 yes
13 166 23 291 291 0 yes
14 163 9 291 291 0 yes
6 0 1 292 292 0 yes
15 168 136 295 295 0 yes
16 163 1 295 295 0 yes
3 5 16 295 295 0 yes
12 135 4 295 295 0 yes
17 165 27 296 296 0 yes
18 168 80 298 298 0 yes
19 162 71 300 300 0 yes
10 143 10 300 300 0 yes
13 23 7 300 300 0 yes
14 9 19 303 303 0 yes
20 162 32 304 304 0 yes
15 136 137 305 305 0 yes
11 21 111 307 307 0 yes
16 1 31 307 307 0 yes
15 137 112 307 307 0 yes
11 111 111 307 307 0 yes
21 162 53 308 308 0 yes
19 71 72 308 308 0 yes
15 112 112 308 308 0 yes
11 111 20 308 308 0 yes
15 112 6 309 309 0 yes
1 29 97 310 310 0 yes
22 168 33 313 313 0 yes
23 160 114 313 313 0 yes
5 131 9 313 313 0 yes
24 160 0 315 315 0 yes
18 80 29 315 315 0 yes
25 162 104 316 316 0 yes
8 101 16 317 317 0 yes
26 163 29 318 318 0 yes
27 168 4 318 318 0 yes
13 7 4 319 319 0 yes
15 6 6 320 320 0 yes
1 97 97 321 321 0 yes
1 97 39 322 322 0 yes
28 168 107 323 323 0 yes
12 4 4 323 323 0 yes
29 162 66 324 324 0 yes
17 27 28 324 324 0 yes
21 53 4 325 325 0 yes
11 20 27 325 325 0 yes
22 33 17 325 325 0 yes
18 29 29 325 325 0 yes
30 163 8 326 326 0 yes
6 1 9 326 326 0 yes
23 114 29 326 326 0 yes
31 165 20 327 327 0 yes
25 104 69 327 327 0 yes
6 9 9 327 327 0 yes
31 20 21 327 327 0 yes
4 16 120 328 328 0 yes
20 32 82 328 328 0 yes
3 16 3 329 329 0 yes
32 166 134 330 330 0 yes
33 162 32 330 330 0 yes
2 9 1 330 330 0 yes
24 0 109 330 330 0 yes
26 29 46 330 330 0 yes
27 4 12 330 330 0 yes
15 6 24 330 330 0 yes
12 4 15 330 330 0 yes
29 66 1 330 330 0 yes
18 29 4 330 330 0 yes
2 1 1 331 331 0 yes
34 169 126 332 332 0 yes
35 161 74 333 333 0 yes
36 168 6 333 333 0 yes
37 161 18 333 333 0 yes
6 9 19 333 333 0 yes
4 120 120 333 333 0 yes
38 168 145 334 334 0 yes
39 162 32 334 334 0 yes
3 3 3 335 335 0 yes
35 74 2 335 335 0 yes
40 160 22 336 336 0 yes
41 166 23 336 336 0 yes
42 167 116 337 337 0 yes
43 160 96 337 337 0 yes
4 120 6 337 337 0 yes
7 71 71 338 338 0 yes
13 4 1 338 338 0 yes
44 162 28 339 339 0 yes
31 21 111 339 339 0 yes
31 111 111 339 339 0 yes
16 31 10 340 340 0 yes
1 39 39 340 340 0 yes
27 12 67 340 340 0 yes
40 22 0 340 340 0 yes
7 71 60 340 340 0 yes
27 67 6 340 340 0 yes
45 25 4 341 341 0 yes
46 167 41 342 342 0 yes
47 160 46 343 343 0 yes
48 168 147 343 343 0 yes
49 165 51 343 343 0 yes
50 163 33 343 343 0 yes
32 134 47 343 343 0 yes
13 1 1 343 343 0 yes
2 1 154 344 344 0 yes
3 3 4 344 344 0 yes
51 163 143 345 345 0 yes
10 10 10 345 345 0 yes
34 126 8 345 345 0 yes
36 6 80 345 345 0 yes
41 23 9 345 345 0 yes
45 4 6 345 345 0 yes
13 1 47 345 345 0 yes
45 6 6 345 345 0 yes
19 72 85 347 347 0 yes
38 145 4 347 347 0 yes
42 116 9 347 347 0 yes
44 28 27 347 347 0 yes
47 46 33 347 347 0 yes
19 85 85 347 347 0 yes
52 163 6 348 348 0 yes
53 163 29 348 348 0 yes
54 163 4 348 348 0 yes
55 165 56 348 348 0 yes
14 19 134 348 348 0 yes
28 107 61 348 348 0 yes
37 18 16 348 348 0 yes
56 168 1 349 349 0 yes
4 6 5 350 350 0 yes
45 6 75 350 350 0 yes
57 163 0 352 352 0 yes
58 166 60 352 352 0 yes
15 24 24 352 352 0 yes
40 0 1 352 352 0 yes
11 27 27 353 353 0 yes
18 4 4 353 353 0 yes
31 111 20 353 353 0 yes
48 147 30 353 353 0 yes
33 32 43 354 354 0 yes
11 27 28 354 354 0 yes
59 160 139 355 355 0 yes
21 4 6 355 355 0 yes
1 39 40 355 355 0 yes
27 6 29 355 355 0 yes
49 51 52 355 355 0 yes
50 33 18 355 355 0 yes
36 80 80 355 355 0 yes
21 6 53 355 355 0 yes
27 29 29 355 355 0 yes
5 9 4 356 356 0 yes
28 61 78 356 356 0 yes
8 16 9 357 357 0 yes
3 4 4 357 357 0 yes
15 24 4 357 357 0 yes
36 80 29 357 357 0 yes
28 78 78 357 357 0 yes
39 32 82 358 358 0 yes
19 85 71 358 358 0 yes
8 9 9 358 358 0 yes
30 8 9 359 359 0 yes
12 15 15 359 359 0 yes
34 8 8 359 359 0 yes
60 168 120 360 360 0 yes
43 96 1 360 360 0 yes
52 6 55 360 360 0 yes
53 29 46 360 360 0 yes
54 4 15 360 360 0 yes
18 4 12 360 360 0 yes
27 29 4 360 360 0 yes
5 4 77 360 360 0 yes
3 4 5 360 360 0 yes
12 15 16 360 360 0 yes
34 8 133 360 360 0 yes
46 41 29 361 361 0 yes
10 10 0 361 361 0 yes
56 1 31 361 361 0 yes
61 162 71 362 362 0 yes
62 168 103 362 362 0 yes
63 168 4 363 363 0 yes
32 47 47 363 363 0 yes
8 9 19 363 363 0 yes
64 168 145 364 364 0 yes
25 69 69 365 365 0 yes
32 47 48 365 365 0 yes
28 78 60 366 366 0 yes
14 134 134 367 367 0 yes
60 120 6 367 367 0 yes
17 28 28 368 368 0 yes
24 109 109 368 368 0 yes
20 82 49 369 369 0 yes
55 56 51 369 369 0 yes
14 134 47 369 369 0 yes
65 168 14 370 370 0 yes
66 168 97 370 370 0 yes
67 161 18 370 370 0 yes
23 29 33 370 370 0 yes
38 4 6 370 370 0 yes
31 20 20 370 370 0 yes
48 30 35 370 370 0 yes
36 29 29 370 370 0 yes
18 12 67 370 370 0 yes
61 71 60 370 370 0 yes
38 6 6 370 370 0 yes
18 67 6 370 370 0 yes
68 168 75 371 371 0 yes
20 49 49 371 371 0 yes
69 164 60 372 372 0 yes
20 49 32 372 372 0 yes
70 168 6 373 373 0 yes
4 5 5 373 373 0 yes
5 77 25 373 373 0 yes
23 33 33 374 374 0 yes
35 2 108 375 375 0 yes
51 143 10 375 375 0 yes
13 47 47 375 375 0 yes
63 4 79 375 375 0 yes
36 29 30 375 375 0 yes
38 6 80 375 375 0 yes
4 5 6 375 375 0 yes
71 160 94 376 376 0 yes
45 75 75 376 376 0 yes
59 139 141 376 376 0 yes
57 0 109 377 377 0 yes
64 145 4 377 377 0 yes
25 69 70 377 377 0 yes
17 28 27 377 377 0 yes
69 60 78 377 377 0 yes
72 168 6 378 378 0 yes
73 163 33 378 378 0 yes
6 19 158 378 378 0 yes
1 40 102 378 378 0 yes
23 33 34 378 378 0 yes
1 102 102 378 378 0 yes
74 168 144 379 379 0 yes
45 75 4 379 379 0 yes
75 166 47 380 380 0 yes
76 161 101 380 380 0 yes
34 133 68 380 380 0 yes
60 6 23 380 380 0 yes
65 14 64 380 380 0 yes
66 97 39 380 380 0 yes
1 102 39 380 380 0 yes
75 47 9 380 380 0 yes
78 160 123 381 381 0 yes
22 17 17 381 381 0 yes
62 103 6 381 381 0 yes
26 46 46 382 382 0 yes
29 1 124 383 383 0 yes
27 4 4 383 383 0 yes
44 27 28 384 384 0 yes
21 53 53 384 384 0 yes
19 71 162 384 384 0 no
48 35 35 384 384 0 yes
5 25 25 384 384 0 yes
16 10 96 385 385 0 yes
33 43 51 385 385 0 yes
15 4 6 385 385 0 yes
67 18 16 385 385 0 yes
18 6 29 385 385 0 yes
70 6 53 385 385 0 yes
78 123 10 385 385 0 yes
26 46 29 385 385 0 yes
21 53 4 385 385 0 yes
5 25 15 385 385 0 yes
16 96 96 385 385 0 yes
33 51 51 385 385 0 yes
15 6 6 385 385 0 yes
18 29 29 385 385 0 yes
40 1 1 386 386 0 yes
55 51 51 386 386 0 yes
31 20 21 387 387 0 yes
38 80 29 387 387 0 yes
6 158 73 387 387 0 yes
48 35 6 387 387 0 yes
42 9 9 388 388 0 yes
37 16 33 388 388 0 yes
63 79 79 388 388 0 yes
55 51 52 388 388 0 yes
58 60 61 389 389 0 yes
14 47 47 389 389 0 yes
68 75 4 389 389 0 yes
37 33 33 389 389 0 yes
79 165 43 390 390 0 yes
41 9 75 390 390 0 yes
3 5 5 390 390 0 yes
71 94 95 390 390 0 yes
72 6 75 390 390 0 yes
73 33 46 390 390 0 yes
27 4 12 390 390 0 yes
33 51 56 390 390 0 yes
15 6 90 390 390 0 yes
18 29 4 390 390 0 yes
63 79 6 390 390 0 yes
14 47 48 390 390 0 yes
79 43 32 390 390 0 yes
7 60 60 391 391 0 yes
35 108 108 392 392 0 yes
80 161 74 393 393 0 yes
76 101 16 393 393 0 yes
40 1 121 393 393 0 yes
81 168 145 394 394 0 yes
50 18 18 394 394 0 yes
56 31 10 394 394 0 yes
34 68 68 394 394 0 yes
6 73 73 394 394 0 yes
71 95 131 394 394 0 yes
82 9 1 395 395 0 yes
49 52 52 395 395 0 yes
54 15 15 395 395 0 yes
32 48 6 395 395 0 yes
24 109 0 395 395 0 yes
80 74 6 395 395 0 yes
2 154 71 396 396 0 yes
20 32 32 396 396 0 yes
59 141 37 396 396 0 yes
82 1 1 396 396 0 yes
34 68 92 397 397 0 yes
20 32 82 397 397 0 yes
82 1 10 397 397 0 yes
11 28 55 398 398 0 yes
30 9 9 398 398 0 yes
66 39 4 398 398 0 yes
42 9 156 398 398 0 yes
71 131 131 398 398 0 yes
39 82 66 399 399 0 yes
35 108 15 399 399 0 yes
71 131 9 399 399 0 yes
39 66 66 399 399 0 yes
47 33 29 400 400 0 yes
64 4 4 400 400 0 yes
23 34 54 400 400 0 yes
60 23 82 400 400 0 yes
38 29 6 400 400 0 yes
32 6 6 400 400 0 yes
2 71 60 400 400 0 yes
30 9 129 400 400 0 yes
23 54 54 400 400 0 yes
52 55 49 401 401 0 yes
6 73 9 401 401 0 yes
11 55 55 401 401 0 yes
39 66 1 401 401 0 yes
38 6 6 401 401 0 yes
83 160 46 403 403 0 yes
36 30 35 403 403 0 yes
29 124 124 403 403 0 yes
41 75 75 403 403 0 yes
50 18 17 403 403 0 yes
84 163 1 404 404 0 yes
12 16 1 404 404 0 yes
31 21 111 404 404 0 yes
63 6 29 404 404 0 yes
11 55 4 404 404 0 yes
41 75 4 404 404 0 yes
12 1 82 404 404 0 yes
31 111 111 404 404 0 yes
63 29 29 404 404 0 yes
45 4 4 405 405 0 yes
1 39 40 405 405 0 yes
3 5 16 405 405 0 yes
27 12 67 405 405 0 yes
54 15 16 405 405 0 yes
47 29 46 405 405 0 yes
64 4 6 405 405 0 yes
32 6 58 405 405 0 yes
52 49 49 405 405 0 yes
38 6 45 405 405 0 yes
29 124 2 405 405 0 yes
63 29 30 405 405 0 yes
27 67 67 405 405 0 yes
85 169 126 406 406 0 yes
53 46 148 406 406 0 yes
10 0 1 407 407 0 yes
78 10 160 407 407 0 no
81 145 4 407 407 0 yes
49 52 51 407 407 0 yes
83 46 33 407 407 0 yes
8 19 166 408 408 0 no
15 90 90 408 408 0 yes
74 144 123 409 409 0 yes
65 64 13 409 409 0 yes
7 60 61 409 409 0 yes
75 9 9 410 410 0 yes
45 4 6 410 410 0 yes
27 67 6 410 410 0 yes
65 13 14 410 410 0 yes
33 56 56 411 411 0 yes
25 70 104 412 412 0 yes
13 47 9 413 413 0 yes
18 4 4 413 413 0 yes
79 32 32 413 413 0 yes
15 90 19 413 413 0 yes
17 27 28 414 414 0 yes
70 53 53 414 414 0 yes
25 104 104 414 414 0 yes
43 1 88 415 415 0 yes
46 29 33 415 415 0 yes
51 10 46 415 415 0 yes
4 6 29 415 415 0 yes
62 6 2 415 415 0 yes
21 4 6 415 415 0 yes
48 6 3 415 415 0 yes
68 4 29 415 415 0 yes
37 33 76 415 415 0 yes
23 54 33 415 415 0 yes
70 53 4 415 415 0 yes
43 88 89 415 415 0 yes
4 29 29 415 415 0 yes
21 6 6 415 415 0 yes
22 17 16 416 416 0 yes
72 75 75 416 416 0 yes
84 1 10 416 416 0 yes
68 29 29 416 416 0 yes
36 35 6 417 417 0 yes
66 4 4 418 418 0 yes
42 156 89 418 418 0 yes
53 148 148 418 418 0 yes
75 9 19 418 418 0 yes
85 126 132 419 419 0 yes
46 33 33 419 419 0 yes
72 75 4 419 419 0 yes
57 109 163 420 420 0 no
16 96 1 420 420 0 yes
14 48 163 420 420 0 no
74 123 10 420 420 0 yes
18 4 6 420 420 0 yes
25 104 69 420 420 0 yes
4 29 135 420 420 0 yes
21 6 24 420 420 0 yes
68 29 4 420 420 0 yes
66 4 12 420 420 0 yes
46 33 118 420 420 0 yes
79 32 43 421 421 0 yes
69 78 78 422 422 0 yes
30 129 36 423 423 0 yes
30 36 36 423 423 0 yes
38 45 45 424 424 0 yes
69 78 60 424 424 0 yes
86 164 60 425 425 0 yes
67 16 88 425 425 0 yes
5 15 15 425 425 0 yes
20 82 73 425 425 0 yes
35 15 15 425 425 0 yes
52 49 59 425 425 0 yes
29 2 36 425 425 0 yes
27 6 4 425 425 0 yes
30 36 9 425 425 0 yes
61 60 60 426 426 0 yes
67 88 88 426 426 0 yes
27 4 4 426 426 0 yes
40 121 23 427 427 0 yes
32 58 58 427 427 0 yes
35 15 62 427 427 0 yes
44 28 49 428 428 0 yes
55 52 28 428 428 0 yes
62 2 2 428 428 0 yes
42 89 89 428 428 0 yes
50 17 17 429 429 0 yes
33 56 51 429 429 0 yes
48 3 3 429 429 0 yes
59 37 92 430 430 0 yes
41 4 166 430 430 0 no
1 40 102 430 430 0 yes
81 4 4 430 430 0 yes
45 6 168 430 430 0 no
4 135 4 430 430 0 yes
86 60 86 430 430 0 yes
61 60 61 430 430 0 yes
67 88 89 430 430 0 yes
27 4 65 430 430 0 yes
1 102 102 430 430 0 yes
24 0 160 431 431 0 no
15 19 73 431 431 0 yes
15 73 9 431 431 0 yes
31 111 20 432 432 0 yes
32 58 4 432 432 0 yes
44 49 32 432 432 0 yes
55 28 28 432 432 0 yes
63 30 6 433 433 0 yes
64 6 29 434 434 0 yes
48 3 4 434 434 0 yes
63 6 6 434 434 0 yes
64 29 29 434 434 0 yes
66 12 35 435 435 0 yes
5 15 6 435 435 0 yes
50 17 18 435 435 0 yes
81 4 77 435 435 0 yes
63 6 91 435 435 0 yes
64 29 149 435 435 0 yes
76 16 4 436 436 0 yes
51 46 46 436 436 0 yes
23 33 33 437 437 0 yes
55 28 27 437 437 0 yes
65 14 14 438 438 0 yes
62 2 63 438 438 0 yes
56 10 10 439 439 0 yes
87 168 44 440 440 0 yes
34 92 169 440 440 0 no
43 89 160 440 440 0 no
18 6 29 440 440 0 yes
38 45 29 440 440 0 yes
76 4 4 440 440 0 yes
65 14 64 440 440 0 yes
18 29 29 440 440 0 yes
73 46 68 441 441 0 yes
10 1 25 441 441 0 yes
13 9 1 441 441 0 yes
66 35 35 441 441 0 yes
10 25 25 441 441 0 yes
74 10 10 442 442 0 yes
68 4 9 442 442 0 yes
59 92 92 442 442 0 yes
13 1 1 442 442 0 yes
13 1 31 443 443 0 yes
28 60 60 444 444 0 yes
29 36 36 444 444 0 yes
31 20 20 444 444 0 yes
26 29 163 445 445 0 no
80 6 6 445 445 0 yes
60 82 66 445 445 0 yes
11 4 6 445 445 0 yes
49 51 51 445 445 0 yes
70 4 6 445 445 0 yes
36 6 6 445 445 0 yes
72 4 29 445 445 0 yes
79 43 43 445 445 0 yes
51 46 29 445 445 0 yes
10 25 26 445 445 0 yes
60 66 66 445 445 0 yes
11 6 6 445 445 0 yes
70 6 3 445 445 0 yes
6 9 4 446 446 0 yes
21 24 24 446 446 0 yes
40 23 23 446 446 0 yes
42 89 16 446 446 0 yes
33 51 51 446 446 0 yes
64 149 150 446 446 0 yes
62 63 63 446 446 0 yes
72 29 29 446 446 0 yes
71 9 1 447 447 0 yes
48 4 4 447 447 0 yes
66 35 6 447 447 0 yes
68 9 9 447 447 0 yes
31 20 21 447 447 0 yes
21 24 4 447 447 0 yes
35 62 108 448 448 0 yes
81 77 77 448 448 0 yes
49 51 52 448 448 0 yes
60 66 19 448 448 0 yes
62 63 2 448 448 0 yes
71 1 1 448 448 0 yes
3 16 88 449 449 0 yes
54 16 163 449 449 0 no
85 132 133 449 449 0 yes
28 60 61 449 449 0 yes
35 108 108 449 449 0 yes
88 164 60 450 450 0 yes
46 118 167 450 450 0 no
27 65 65 450 450 0 yes
23 33 46 450 450 0 yes
76 4 12 450 450 0 yes
18 29 4 450 450 0 yes
80 6 4 450 450 0 yes
36 6 75 450 450 0 yes
79 43 32 450 450 0 yes
11 6 100 450 450 0 yes
6 4 15 450 450 0 yes
33 51 56 450 450 0 yes
72 29 118 450 450 0 yes
48 4 6 450 450 0 yes
81 77 6 450 450 0 yes
3 88 88 450 450 0 yes
82 10 96 452 452 0 yes
20 73 73 452 452 0 yes
82 96 96 452 452 0 yes
89 168 4 453 453 0 yes
37 76 161 453 453 0 no
1 102 39 453 453 0 yes
56 10 0 453 453 0 yes
73 68 68 453 453 0 yes
59 92 31 454 454 0 yes
40 23 9 454 454 0 yes
30 9 47 455 455 0 yes
68 9 156 455 455 0 yes
88 60 61 455 455 0 yes
2 60 60 456 456 0 yes
44 32 32 456 456 0 yes
62 2 2 456 456 0 yes
39 1 3 457 457 0 yes
44 32 82 457 457 0 yes
17 28 49 458 458 0 yes
25 69 162 458 458 0 no
62 2 2 458 458 0 yes
70 3 7 459 459 0 yes
31 21 111 459 459 0 yes
35 108 15 459 459 0 yes
31 111 111 459 459 0 yes
12 82 66 460 460 0 yes
83 33 6 460 460 0 yes
4 4 33 460 460 0 yes
67 89 89 460 460 0 yes
32 4 166 460 460 0 no
87 44 33 460 460 0 yes
38 29 6 460 460 0 yes
3 88 89 460 460 0 yes
12 66 66 460 460 0 yes
20 73 100 461 461 0 yes
38 6 6 461 461 0 yes
12 66 1 461 461 0 yes
50 18 18 462 462 0 yes
63 91 58 462 462 0 yes
27 65 6 462 462 0 yes
17 49 49 462 462 0 yes
63 58 58 462 462 0 yes
39 3 3 463 463 0 yes
47 46 160 464 464 0 no
64 150 150 464 464 0 yes
71 1 82 464 464 0 yes
81 6 29 464 464 0 yes
39 3 4 464 464 0 yes
81 29 29 464 464 0 yes
53 148 9 465 465 0 yes
52 59 27 465 465 0 yes
76 12 2 465 465 0 yes
89 4 6 465 465 0 yes
83 6 58 465 465 0 yes
4 33 33 465 465 0 yes
38 6 45 465 465 0 yes
81 29 30 465 465 0 yes
67 89 16 466 466 0 yes
82 96 1 467 467 0 yes
63 58 4 467 467 0 yes
75 19 166 468 468 0 no
50 18 16 468 468 0 yes
65 64 13 469 469 0 yes
11 100 69 469 469 0 yes
70 7 7 469 469 0 yes
85 133 0 470 470 0 yes
80 4 88 470 470 0 yes
48 6 6 470 470 0 yes
73 68 15 470 470 0 yes
65 13 14 470 470 0 yes
79 32 32 471 471 0 yes
33 56 56 471 471 0 yes
29 36 9 472 472 0 yes
18 4 29 472 472 0 yes
22 16 1 473 473 0 yes
84 10 96 473 473 0 yes
86 86 51 473 473 0 yes
31 111 20 473 473 0 yes
76 2 2 473 473 0 yes
18 29 29 473 473 0 yes
22 1 116 473 473 0 yes
84 96 96 473 473 0 yes
90 164 60 474 474 0 yes
55 27 27 474 474 0 yes
52 27 28 474 474 0 yes
16 1 4 475 475 0 yes
5 6 6 475 475 0 yes
66 6 4 475 475 0 yes
21 4 1 475 475 0 yes
30 47 47 475 475 0 yes
68 156 22 475 475 0 yes
4 33 18 475 475 0 yes
80 88 5 475 475 0 yes
48 6 3 475 475 0 yes
15 9 9 476 476 0 yes
13 31 10 476 476 0 yes
36 75 75 476 476 0 yes
66 4 4 476 476 0 yes
10 26 113 477 477 0 yes
39 4 4 477 477 0 yes
79 32 43 477 477 0 yes
10 113 113 477 477 0 yes
58 61 66 478 478 0 yes
61 61 99 478 478 0 yes
1 39 39 478 478 0 yes
15 9 19 478 478 0 yes
10 113 16 478 478 0 yes
42 16 33 479 479 0 yes
20 100 49 479 479 0 yes
90 60 61 479 479 0 yes
16 4 4 479 479 0 yes
36 75 4 479 479 0 yes
7 61 78 480 480 0 yes
18 29 4 480 480 0 yes
5 6 55 480 480 0 yes
21 1 10 480 480 0 yes
39 4 35 480 480 0 yes
42 33 118 480 480 0 yes
16 4 6 480 480 0 yes
30 47 57 481 481 0 yes
7 78 78 481 481 0 yes
72 118 44 483 483 0 yes
70 7 4 484 484 0 yes
84 96 1 484 484 0 yes
72 44 44 484 484 0 yes
44 82 162 485 485 0 no
35 15 15 485 485 0 yes
85 0 0 485 485 0 yes
73 15 15 485 485 0 yes
7 78 60 486 486 0 yes
83 58 58 487 487 0 yes
58 66 66 487 487 0 yes
74 10 0 488 488 0 yes
49 52 32 488 488 0 yes
11 69 69 489 489 0 yes
33 56 51 489 489 0 yes
48 3 3 489 489 0 yes
6 15 74 490 490 0 yes
62 2 2 490 490 0 yes
87 33 23 490 490 0 yes
3 89 89 490 490 0 yes
27 6 6 490 490 0 yes
63 4 6 490 490 0 yes
31 20 165 490 490 0 no
1 39 142 490 490 0 yes
63 6 6 490 490 0 yes
60 19 73 491 491 0 yes
61 99 99 491 491 0 yes
58 66 1 491 491 0 yes
3 89 16 491 491 0 yes
60 73 9 491 491 0 yes
17 49 32 492 492 0 yes
86 51 51 492 492 0 yes
83 58 4 492 492 0 yes
81 30 4 493 493 0 yes
73 15 62 493 493 0 yes
89 6 29 494 494 0 yes
48 3 4 494 494 0 yes
81 4 4 494 494 0 yes
89 29 29 494 494 0 yes
64 150 9 495 495 0 yes
35 15 6 495 495 0 yes
27 6 91 495 495 0 yes
63 6 42 495 495 0 yes
61 99 82 495 495 0 yes
81 4 79 495 495 0 yes
89 29 30 495 495 0 yes
29 9 73 496 496 0 yes
91 168 0 497 497 0 yes
38 45 45 497 497 0 yes
11 69 70 497 497 0 yes
92 168 29 498 498 0 yes
65 14 14 498 498 0 yes
76 2 63 498 498 0 yes
30 57 7 498 498 0 yes
56 0 1 499 499 0 yes
67 16 1 499 499 0 yes
68 22 22 499 499 0 yes
67 1 1 499 499 0 yes
59 31 160 500 500 0 no
20 49 49 500 500 0 yes
39 35 35 500 500 0 yes
16 6 163 500 500 0 no
38 45 29 500 500 0 yes
65 14 64 500 500 0 yes
23 46 46 501 501 0 yes
53 9 163 501 501 0 no
18 4 4 502 502 0 yes
67 1 31 503 503 0 yes
20 49 59 503 503 0 yes
69 60 164 504 504 0 no
51 29 29 505 505 0 yes
79 43 43 505 505 0 yes
36 4 6 505 505 0 yes
70 4 6 505 505 0 yes
68 22 0 505 505 0 yes
23 46 29 505 505 0 yes
36 6 6 505 505 0 yes
70 6 6 505 505 0 yes
93 169 126 506 506 0 yes
40 9 4 506 506 0 yes
33 51 51 506 506 0 yes
1 142 97 506 506 0 yes
76 63 63 506 506 0 yes
30 7 7 506 506 0 yes
48 4 6 507 507 0 yes
39 35 6 507 507 0 yes
1 97 97 507 507 0 yes
31 165 20 507 507 0 yes
48 6 6 507 507 0 yes
31 20 21 507 507 0 yes
50 16 33 508 508 0 yes
72 44 29 508 508 0 yes
49 32 32 508 508 0 yes
6 74 74 508 508 0 yes
81 79 79 508 508 0 yes
33 51 52 508 508 0 yes
76 63 2 508 508 0 yes
2 60 78 509 509 0 yes
10 16 1 509 509 0 yes
87 23 23 509 509 0 yes
50 33 33 509 509 0 yes
10 1 1 509 509 0 yes
66 4 26 510 510 0 yes
42 118 167 510 510 0 no
86 51 56 510 510 0 yes
92 29 4 510 510 0 yes
18 4 6 510 510 0 yes
79 43 32 510 510 0 yes
36 6 75 510 510 0 yes
70 6 90 510 510 0 yes
40 4 12 510 510 0 yes
48 6 4 510 510 0 yes
81 79 6 510 510 0 yes
88 61 52 513 513 0 yes
61 82 162 513 513 0 no
73 62 18 514 514 0 yes
63 42 42 514 514 0 yes
30 7 4 514 514 0 yes
87 23 47 514 514 0 yes
85 0 37 515 515 0 yes
6 74 2 515 515 0 yes
22 116 116 516 516 0 yes
17 32 32 516 516 0 yes
64 9 1 516 516 0 yes
76 2 2 516 516 0 yes
12 1 4 517 517 0 yes
17 32 82 517 517 0 yes
64 1 1 517 517 0 yes
52 28 66 518 518 0 yes
62 2 2 518 518 0 yes
76 2 74 518 518 0 yes
29 73 73 519 519 0 yes
93 126 115 519 519 0 yes
31 21 111 519 519 0 yes
31 111 111 519 519 0 yes
94 168 54 520 520 0 yes
71 82 104 520 520 0 yes
80 5 5 520 520 0 yes
83 4 9 520 520 0 yes
38 29 6 520 520 0 yes
68 0 1 520 520 0 yes
1 97 39 520 520 0 yes
22 116 9 520 520 0 yes
13 10 96 521 521 0 yes
5 55 55 521 521 0 yes
88 52 52 521 521 0 yes
12 4 4 521 521 0 yes
52 66 1 521 521 0 yes
29 73 82 521 521 0 yes
38 6 6 521 521 0 yes
13 96 96 521 521 0 yes
82 1 9 522 522 0 yes
4 18 161 522 522 0 no
27 91 58 522 522 0 yes
91 0 109 522 522 0 yes
27 58 58 522 522 0 yes
89 30 78 523 523 0 yes
82 9 9 523 523 0 yes
3 16 168 524 524 0 no
81 6 6 524 524 0 yes
64 1 82 524 524 0 yes
5 55 4 524 524 0 yes
51 29 30 525 525 0 yes
40 12 160 525 525 0 no
73 18 16 525 525 0 yes
80 5 6 525 525 0 yes
83 9 9 525 525 0 yes
12 4 6 525 525 0 yes
38 6 45 525 525 0 yes
88 52 51 527 527 0 yes
27 58 4 527 527 0 yes
15 19 73 528 528 0 yes
49 32 82 528 528 0 yes
70 90 90 528 528 0 yes
93 115 169 528 528 0 no
15 73 73 528 528 0 yes
65 64 13 529 529 0 yes
18 6 4 530 530 0 yes
48 4 4 530 530 0 yes
63 42 29 530 530 0 yes
65 13 14 530 530 0 yes
86 56 164 531 531 0 no
71 104 104 531 531 0 yes
18 4 4 531 531 0 yes
11 70 56 532 532 0 yes
92 4 4 532 532 0 yes
87 47 47 532 532 0 yes
56 1 25 533 533 0 yes
79 32 32 533 533 0 yes
70 90 19 533 533 0 yes
87 47 48 533 533 0 yes
56 25 25 533 533 0 yes
55 27 28 534 534 0 yes
74 0 1 534 534 0 yes
21 10 10 535 535 0 yes
35 6 6 535 535 0 yes
39 6 29 535 535 0 yes
50 33 18 535 535 0 yes
30 4 163 535 535 0 no
94 54 33 535 535 0 yes
56 25 15 535 535 0 yes
39 29 29 535 535 0 yes
60 9 168 536 536 0 no
67 31 10 536 536 0 yes
36 75 75 536 536 0 yes
72 29 29 537 537 0 yes
66 26 113 537 537 0 yes
66 113 113 537 537 0 yes
28 61 24 538 538 0 yes
1 39 167 538 538 0 no
83 9 19 538 538 0 yes
84 1 163 539 539 0 no
82 9 47 539 539 0 yes
36 75 4 539 539 0 yes
10 1 10 540 540 0 yes
81 6 121 540 540 0 yes
48 4 35 540 540 0 yes
71 104 69 540 540 0 yes
92 4 6 540 540 0 yes
35 6 24 540 540 0 yes
72 29 4 540 540 0 yes
79 32 43 541 541 0 yes
13 96 1 542 542 0 yes
20 59 32 543 543 0 yes
38 45 45 544 544 0 yes
20 32 32 544 544 0 yes
17 82 49 545 545 0 yes
58 1 87 547 547 0 yes
17 49 49 547 547 0 yes
33 52 49 548 548 0 yes
11 56 56 548 548 0 yes
21 10 0 548 548 0 yes
11 56 51 549 549 0 yes
19 162 28 549 549 0 yes
6 2 160 550 550 0 no
27 4 159 550 550 0 yes
63 29 168 550 550 0 no
28 24 24 550 550 0 yes
89 78 78 551 551 0 yes
70 19 73 551 551 0 yes
70 73 9 551 551 0 yes
31 111 20 552 552 0 yes
58 87 87 552 552 0 yes
33 49 32 552 552 0 yes
89 78 60 552 552 0 yes
51 30 6 553 553 0 yes
68 1 33 554 554 0 yes
12 6 6 554 554 0 yes
51 6 6 554 554 0 yes
68 33 33 554 554 0 yes
18 4 79 555 555 0 yes
39 29 30 555 555 0 yes
27 159 6 555 555 0 yes
58 87 87 555 555 0 yes
12 6 42 555 555 0 yes
51 6 91 555 555 0 yes
62 2 2 556 556 0 yes
76 74 161 557 557 0 no
94 33 1 557 557 0 yes
19 28 27 557 557 0 yes
90 61 66 558 558 0 yes
65 14 4 558 558 0 yes
68 33 34 558 558 0 yes
62 2 63 558 558 0 yes
94 1 1 558 558 0 yes
91 109 109 560 560 0 yes
48 35 35 560 560 0 yes
92 6 6 560 560 0 yes
38 45 29 560 560 0 yes
82 47 151 561 561 0 yes
82 151 47 561 561 0 yes
82 47 48 561 561 0 yes
72 4 4 562 562 0 yes
27 6 87 562 562 0 yes
17 49 59 563 563 0 yes
94 1 31 563 563 0 yes
7 60 60 564 564 0 yes
22 9 4 564 564 0 yes
31 20 20 564 564 0 yes
23 29 29 565 565 0 yes
29 82 162 565 565 0 no
5 4 29 565 565 0 yes
80 6 6 565 565 0 yes
88 51 51 565 565 0 yes
36 4 6 565 565 0 yes
79 43 43 565 565 0 yes
92 6 3 565 565 0 yes
36 6 6 565 565 0 yes
87 48 30 566 566 0 yes
35 24 7 566 566 0 yes
11 51 51 566 566 0 yes
62 63 63 566 566 0 yes
27 87 87 566 566 0 yes
5 29 29 566 566 0 yes
28 24 4 567 567 0 yes
90 66 66 567 567 0 yes
48 35 6 567 567 0 yes
31 20 21 567 567 0 yes
73 16 4 568 568 0 yes
74 1 47 568 568 0 yes
66 113 16 568 568 0 yes
18 79 79 568 568 0 yes
22 4 4 568 568 0 yes
11 51 52 568 568 0 yes
62 63 2 568 568 0 yes
90 66 19 568 568 0 yes
2 78 78 569 569 0 yes
85 37 38 569 569 0 yes
49 82 56 569 569 0 yes
65 4 4 569 569 0 yes
7 60 78 569 569 0 yes
58 87 42 570 570 0 yes
72 4 12 570 570 0 yes
23 29 4 570 570 0 yes
80 6 100 570 570 0 yes
88 51 56 570 570 0 yes
79 43 32 570 570 0 yes
36 6 75 570 570 0 yes
87 30 4 570 570 0 yes
27 87 87 570 570 0 yes
5 29 46 570 570 0 yes
18 79 6 570 570 0 yes
22 4 26 570 570 0 yes
2 78 107 570 570 0 yes
85 38 38 570 570 0 yes
65 4 6 570 570 0 yes
87 4 6 571 571 0 yes
73 4 4 572 572 0 yes
76 161 74 573 573 0 yes
12 42 29 574 574 0 yes
91 109 0 575 575 0 yes
85 38 31 575 575 0 yes
76 74 2 575 575 0 yes
33 32 32 576 576 0 yes
35 7 7 576 576 0 yes
62 2 2 576 576 0 yes
52 1 163 577 577 0 no
33 32 82 577 577 0 yes
55 28 28 578 578 0 yes
81 121 103 578 578 0 yes
71 69 52 578 578 0 yes
2 107 78 578 578 0 yes
62 2 2 578 578 0 yes
81 103 103 578 578 0 yes
92 3 3 579 579 0 yes
64 82 66 580 580 0 yes
56 15 15 580 580 0 yes
68 34 54 580 580 0 yes
38 29 6 580 580 0 yes
58 42 42 580 580 0 yes
64 66 66 580 580 0 yes
68 54 54 580 580 0 yes
15 73 100 581 581 0 yes
67 10 96 581 581 0 yes
38 6 6 581 581 0 yes
67 96 96 581 581 0 yes
50 18 18 582 582 0 yes
51 91 58 582 582 0 yes
71 52 52 582 582 0 yes
51 58 58 582 582 0 yes
39 30 6 583 583 0 yes
60 168 33 583 583 0 yes
31 21 111 584 584 0 yes
18 6 29 584 584 0 yes
92 3 4 584 584 0 yes
64 66 1 584 584 0 yes
39 6 6 584 584 0 yes
93 169 126 584 584 0 yes
31 111 111 584 584 0 yes
18 29 29 584 584 0 yes
72 12 67 585 585 0 yes
27 87 87 585 585 0 yes
73 4 6 585 585 0 yes
56 15 6 585 585 0 yes
38 6 45 585 585 0 yes
18 29 30 585 585 0 yes
72 67 67 585 585 0 yes
2 78 78 586 586 0 yes
71 52 51 587 587 0 yes
51 58 4 587 587 0 yes
83 19 23 588 588 0 yes
20 32 28 588 588 0 yes
50 18 16 588 588 0 yes
3 168 4 588 588 0 yes
80 100 7 589 589 0 yes
65 6 29 590 590 0 yes
58 42 29 590 590 0 yes
80 7 7 590 590 0 yes
65 29 29 590 590 0 yes
82 48 6 591 591 0 yes
88 56 164 591 591 0 no
79 32 32 591 591 0 yes
23 4 9 592 592 0 yes
31 111 20 593 593 0 yes
21 0 98 594 594 0 yes
19 27 28 594 594 0 yes
49 56 56 594 594 0 yes
12 29 6 594 594 0 yes
10 10 10 595 595 0 yes
28 4 6 595 595 0 yes
48 6 87 595 595 0 yes
68 54 33 595 595 0 yes
60 33 18 595 595 0 yes
83 23 23 595 595 0 yes
12 6 6 595 595 0 yes
28 6 90 595 595 0 yes
70 9 4 596 596 0 yes
94 31 10 596 596 0 yes
36 75 75 596 596 0 yes
82 6 6 596 596 0 yes
13 1 6 597 597 0 yes
22 26 93 597 597 0 yes
92 4 4 597 597 0 yes
93 126 115 597 597 0 yes
79 32 43 597 597 0 yes
23 9 9 597 597 0 yes
23 9 19 598 598 0 yes
66 16 1 599 599 0 yes
15 100 90 599 599 0 yes
48 87 87 599 599 0 yes
12 6 42 599 599 0 yes
36 75 4 599 599 0 yes
66 1 1 599 599 0 yes
74 47 47 600 600 0 yes
87 6 29 600 600 0 yes
39 6 55 600 600 0 yes
27 87 87 600 600 0 yes
3 4 6 600 600 0 yes
65 29 4 600 600 0 yes
21 98 9 600 600 0 yes
70 4 117 600 600 0 yes
92 4 35 600 600 0 yes
66 1 10 600 600 0 yes
87 29 29 600 600 0 yes
82 6 42 601 601 0 yes
15 90 19 601 601 0 yes
74 47 57 601 601 0 yes
87 29 30 601 601 0 yes
13 6 6 602 602 0 yes
17 59 28 603 603 0 yes
35 7 4 604 604 0 yes
67 96 1 604 604 0 yes
33 82 162 605 605 0 no
72 67 6 605 605 0 yes
93 115 126 606 606 0 yes
22 93 16 607 607 0 yes
11 52 69 608 608 0 yes
10 10 0 608 608 0 yes
49 56 51 609 609 0 yes
76 2 15 610 610 0 yes
51 4 29 610 610 0 yes
58 29 45 610 610 0 yes
31 20 20 610 610 0 yes
90 19 73 611 611 0 yes
91 0 46 611 611 0 yes
51 29 29 611 611 0 yes
90 73 9 611 611 0 yes
2 78 60 612 612 0 yes
11 69 69 612 612 0 yes
18 30 4 613 613 0 yes
28 90 1 613 613 0 yes
73 6 6 614 614 0 yes
18 4 4 614 614 0 yes
48 87 87 615 615 0 yes
27 87 29 615 615 0 yes
13 6 42 615 615 0 yes
51 29 30 615 615 0 yes
73 6 91 615 615 0 yes
18 4 79 615 615 0 yes
62 2 2 616 616 0 yes
93 126 126 616 616 0 yes
55 28 27 617 617 0 yes
38 45 87 617 617 0 yes
68 33 4 617 617 0 yes
11 69 70 617 617 0 yes
12 42 168 618 618 0 no
74 57 1 618 618 0 yes
62 2 63 618 618 0 yes
74 1 33 618 618 0 yes
74 33 18 618 618 0 yes
15 19 73 619 619 0 yes
58 45 45 619 619 0 yes
15 73 73 619 619 0 yes
85 31 0 620 620 0 yes
3 6 29 620 620 0 yes
92 35 35 620 620 0 yes
82 42 42 620 620 0 yes
27 29 244 620 620 0 yes
58 45 29 620 620 0 yes
85 0 0 620 620 0 yes
3 29 29 620 620 0 yes
81 103 6 621 621 0 yes
68 4 4 621 621 0 yes
65 4 4 622 622 0 yes
17 28 28 623 623 0 yes
89 60 60 624 624 0 yes
5 46 0 624 624 0 yes
20 28 55 624 624 0 yes
91 46 46 624 624 0 yes
56 6 50 625 625 0 yes
71 51 51 625 625 0 yes
79 43 43 625 625 0 yes
36 4 6 625 625 0 yes
35 4 2 625 625 0 yes
72 6 29 625 625 0 yes
76 15 15 625 625 0 yes
28 1 10 625 625 0 yes
38 87 87 625 625 0 yes
91 46 29 625 625 0 yes
36 6 75 625 625 0 yes
72 29 4 625 625 0 yes
49 51 51 626 626 0 yes
62 63 63 626 626 0 yes
31 20 21 627 627 0 yes
92 35 6 627 627 0 yes
27 244 41 627 627 0 yes
20 55 55 627 627 0 yes
50 16 6 628 628 0 yes
18 79 79 628 628 0 yes
17 28 59 628 628 0 yes
71 51 52 628 628 0 yes
62 63 2 628 628 0 yes
7 78 78 629 629 0 yes
21 9 1 629 629 0 yes
87 30 6 629 629 0 yes
89 60 61 629 629 0 yes
70 117 168 630 630 0 no
48 87 87 630 630 0 yes
3 29 4 630 630 0 yes
68 4 12 630 630 0 yes
65 4 6 630 630 0 yes
79 43 32 630 630 0 yes
76 15 68 630 630 0 yes
49 51 56 630 630 0 yes
18 79 6 630 630 0 yes
7 78 107 630 630 0 yes
21 1 1 630 630 0 yes
87 6 6 630 630 0 yes
87 6 45 631 631 0 yes
50 6 6 633 633 0 yes
8 166 73 633 633 0 yes
80 7 4 634 634 0 yes
60 18 18 634 634 0 yes
83 23 47 634 634 0 yes
13 42 166 634 634 0 no
85 0 37 635 635 0 yes
82 42 29 636 636 0 yes
62 2 2 636 636 0 yes
64 1 75 637 637 0 yes
5 0 0 637 637 0 yes
19 28 162 638 638 0 no
35 2 74 638 638 0 yes
7 107 78 638 638 0 yes
62 2 2 638 638 0 yes
93 126 115 639 639 0 yes
31 21 111 639 639 0 yes
31 111 111 639 639 0 yes
58 29 29 640 640 0 yes
38 87 87 640 640 0 yes
94 10 10 641 641 0 yes
39 55 52 641 641 0 yes
8 73 82 641 641 0 yes
39 52 52 641 641 0 yes
73 91 58 642 642 0 yes
5 0 109 642 642 0 yes
73 58 58 642 642 0 yes
51 30 6 643 643 0 yes
20 55 4 644 644 0 yes
18 6 29 644 644 0 yes
21 1 82 644 644 0 yes
51 6 6 644 644 0 yes
18 29 4 644 644 0 yes
22 16 33 645 645 0 yes
48 87 168 645 645 0 no
68 12 67 645 645 0 yes
76 68 29 645 645 0 yes
50 6 58 645 645 0 yes
58 29 30 645 645 0 yes
51 6 45 645 645 0 yes
68 67 67 645 645 0 yes
7 78 78 646 646 0 yes
22 33 33 646 646 0 yes
72 4 79 647 647 0 yes
39 52 51 647 647 0 yes
73 58 4 647 647 0 yes
23 19 73 648 648 0 yes
60 18 16 648 648 0 yes
93 115 169 648 648 0 no
23 73 73 648 648 0 yes
15 73 100 649 649 0 yes
65 6 88 650 650 0 yes
87 45 45 650 650 0 yes
64 75 75 650 650 0 yes
36 75 75 651 651 0 yes
49 56 56 651 651 0 yes
11 70 104 652 652 0 yes
3 4 4 652 652 0 yes
83 47 47 652 652 0 yes
79 32 32 653 653 0 yes
72 79 79 653 653 0 yes
83 47 48 653 653 0 yes
10 0 1 654 654 0 yes
55 27 28 654 654 0 yes
65 88 5 654 654 0 yes
36 75 4 654 654 0 yes
11 104 104 654 654 0 yes
66 10 96 655 655 0 yes
81 6 3 655 655 0 yes
92 6 4 655 655 0 yes
80 4 6 655 655 0 yes
38 87 87 655 655 0 yes
72 79 6 655 655 0 yes
66 96 96 655 655 0 yes
80 6 6 655 655 0 yes
90 9 9 656 656 0 yes
82 29 4 656 656 0 yes
22 33 76 656 656 0 yes
92 4 4 656 656 0 yes
82 4 4 656 656 0 yes
74 18 18 657 657 0 yes
90 9 19 658 658 0 yes
64 75 4 659 659 0 yes
3 4 6 660 660 0 yes
11 104 69 660 660 0 yes
80 6 24 660 660 0 yes
92 4 35 660 660 0 yes
67 1 4 661 661 0 yes
79 32 43 661 661 0 yes
82 4 79 661 661 0 yes
66 96 1 662 662 0 yes
17 59 32 663 663 0 yes
27 41 41 664 664 0 yes
51 45 45 664 664 0 yes
17 32 32 664 664 0 yes
68 67 6 665 665 0 yes
67 4 4 665 665 0 yes
18 4 4 666 666 0 yes
87 45 29 666 666 0 yes
25 162 49 666 666 0 yes
50 58 58 667 667 0 yes
15 100 7 667 667 0 yes
71 52 49 668 668 0 yes
94 10 0 668 668 0 yes
74 18 16 668 668 0 yes
15 7 7 668 668 0 yes
49 56 51 669 669 0 yes
81 3 3 669 669 0 yes
72 6 29 669 669 0 yes
33 162 28 669 669 0 yes
72 29 29 669 669 0 yes
62 2 2 670 670 0 yes
73 4 163 670 670 0 no
38 87 87 670 670 0 yes
72 29 30 670 670 0 yes
23 73 9 671 671 0 yes
48 168 1 671 671 0 yes
31 111 20 672 672 0 yes
7 78 60 672 672 0 yes
25 49 32 672 672 0 yes
50 58 4 672 672 0 yes
71 49 49 672 672 0 yes
15 7 4 672 672 0 yes
58 30 6 673 673 0 yes
82 79 79 674 674 0 yes
18 4 6 674 674 0 yes
81 3 4 674 674 0 yes
58 6 6 674 674 0 yes
76 29 29 675 675 0 yes
17 32 82 675 675 0 yes
67 4 79 675 675 0 yes
58 6 91 675 675 0 yes
82 79 6 676 676 0 yes
35 74 161 677 677 0 no
33 28 27 677 677 0 yes
62 2 63 678 678 0 yes
28 10 10 680 680 0 yes
5 109 163 680 680 0 no
36 4 6 680 680 0 yes
3 6 1 680 680 0 yes
92 35 35 680 680 0 yes
51 45 29 680 680 0 yes
36 6 6 680 680 0 yes
56 50 50 683 683 0 yes
48 1 31 683 683 0 yes
71 49 59 683 683 0 yes
1 167 39 683 683 0 yes
2 60 60 684 684 0 yes
27 41 29 684 684 0 yes
31 20 20 684 684 0 yes
3 1 1 684 684 0 yes
91 29 4 685 685 0 yes
8 82 66 685 685 0 yes
20 4 6 685 685 0 yes
39 51 51 685 685 0 yes
64 4 6 685 685 0 yes
79 43 43 685 685 0 yes
68 6 1 685 685 0 yes
38 87 87 685 685 0 yes
36 6 75 685 685 0 yes
1 39 142 685 685 0 yes
91 4 4 685 685 0 yes
8 66 66 685 685 0 yes
20 6 6 685 685 0 yes
64 6 3 685 685 0 yes
83 48 4 686 686 0 yes
80 24 24 686 686 0 yes
87 29 29 686 686 0 yes
49 51 51 686 686 0 yes
62 63 63 686 686 0 yes
56 50 6 686 686 0 yes
81 4 4 687 687 0 yes
92 35 6 687 687 0 yes
31 20 21 687 687 0 yes
80 24 4 687 687 0 yes
60 16 42 688 688 0 yes
10 1 47 688 688 0 yes
67 79 2 688 688 0 yes
39 51 52 688 688 0 yes
8 66 19 688 688 0 yes
62 63 2 688 688 0 yes
85 37 38 689 689 0 yes
2 60 61 689 689 0 yes
68 1 31 689 689 0 yes
76 29 46 690 690 0 yes
82 6 168 690 690 0 no
79 43 32 690 690 0 yes
91 4 26 690 690 0 yes
20 6 100 690 690 0 yes
83 4 12 690 690 0 yes
49 51 56 690 690 0 yes
81 4 6 690 690 0 yes
85 38 38 690 690 0 yes
87 29 30 691 691 0 yes
15 4 6 693 693 0 yes
28 10 22 693 693 0 yes
37 161 74 693 693 0 yes
15 6 6 693 693 0 yes
89 61 69 694 694 0 yes
22 76 76 694 694 0 yes
18 6 29 694 694 0 yes
18 29 29 694 694 0 yes
85 38 31 695 695 0 yes
37 74 2 695 695 0 yes
25 32 32 696 696 0 yes
62 2 2 696 696 0 yes
25 32 82 697 697 0 yes
55 28 52 698 698 0 yes
11 69 78 698 698 0 yes
72 30 4 698 698 0 yes
67 2 2 698 698 0 yes
15 6 90 698 698 0 yes
65 5 5 699 699 0 yes
64 3 3 699 699 0 yes
72 4 4 699 699 0 yes
21 82 66 700 700 0 yes
50 4 4 700 700 0 yes
51 29 6 700 700 0 yes
38 87 87 700 700 0 yes
60 42 42 700 700 0 yes
72 4 79 700 700 0 yes
21 66 66 700 700 0 yes
1 142 167 701 701 0 no
89 69 70 701 701 0 yes
51 6 6 701 701 0 yes
58 91 58 702 702 0 yes
55 52 52 702 702 0 yes
58 58 58 702 702 0 yes
3 1 82 704 704 0 yes
31 21 111 704 704 0 yes
18 29 4 704 704 0 yes
65 5 6 704 704 0 yes
64 3 4 704 704 0 yes
21 66 1 704 704 0 yes
31 111 111 704 704 0 yes
83 12 25 705 705 0 yes
50 4 6 705 705 0 yes
51 6 58 705 705 0 yes
22 76 6 706 706 0 yes
11 78 72 706 706 0 yes
55 52 51 707 707 0 yes
58 58 4 707 707 0 yes
90 19 52 708 708 0 yes
20 100 7 709 709 0 yes
81 6 29 710 710 0 yes
60 42 29 710 710 0 yes
20 7 7 710 710 0 yes
81 29 46 710 710 0 yes
74 16 33 711 711 0 yes
36 75 75 711 711 0 yes
79 32 32 711 711 0 yes
49 56 56 711 711 0 yes
74 33 33 712 712 0 yes
72 79 79 713 713 0 yes
31 111 20 713 713 0 yes
74 33 76 713 713 0 yes
94 0 1 714 714 0 yes
33 27 28 714 714 0 yes
36 75 4 714 714 0 yes
92 6 67 715 715 0 yes
80 4 4 715 715 0 yes
38 87 87 715 715 0 yes
83 25 26 715 715 0 yes
72 79 6 715 715 0 yes
23 9 9 716 716 0 yes
17 82 49 716 716 0 yes
48 31 10 716 716 0 yes
15 90 1 716 716 0 yes
66 1 9 717 717 0 yes
91 26 113 717 717 0 yes
64 4 4 717 717 0 yes
79 32 43 717 717 0 yes
91 113 113 717 717 0 yes
23 9 19 718 718 0 yes
17 49 49 718 718 0 yes
66 9 139 718 718 0 yes
91 113 6 718 718 0 yes
87 30 4 719 719 0 yes
10 47 47 720 720 0 yes
80 4 35 720 720 0 yes
64 4 35 720 720 0 yes
87 4 4 720 720 0 yes
10 47 57 721 721 0 yes
87 4 79 721 721 0 yes
68 31 10 722 722 0 yes
71 59 32 723 723 0 yes
70 168 6 723 723 0 yes
5 163 6 723 723 0 yes
28 22 22 724 724 0 yes
71 32 32 724 724 0 yes
25 82 28 725 725 0 yes
92 67 6 725 725 0 yes
28 22 31 725 725 0 yes
18 4 9 726 726 0 yes
12 168 33 726 726 0 yes
51 58 58 727 727 0 yes
39 52 78 728 728 0 yes
15 1 1 728 728 0 yes
25 28 28 728 728 0 yes
49 56 51 729 729 0 yes
72 6 6 729 729 0 yes
67 2 2 730 730 0 yes
58 4 29 730 730 0 yes
60 29 9 730 730 0 yes
31 20 165 730 730 0 no
38 87 87 730 730 0 yes
72 6 45 730 730 0 yes
8 19 73 731 731 0 yes
18 9 9 731 731 0 yes
58 29 29 731 731 0 yes
8 73 9 731 731 0 yes
51 58 4 732 732 0 yes
18 9 19 732 732 0 yes
62 2 2 734 734 0 yes
50 6 25 734 734 0 yes
87 79 79 734 734 0 yes
60 9 9 734 734 0 yes
27 29 1 735 735 0 yes
37 2 4 735 735 0 yes
70 6 42 735 735 0 yes
5 6 91 735 735 0 yes
58 29 30 735 735 0 yes
89 70 69 736 736 0 yes
39 78 78 736 736 0 yes
87 79 6 736 736 0 yes
90 52 52 737 737 0 yes
25 28 27 737 737 0 yes
10 57 23 738 738 0 yes
12 33 34 738 738 0 yes
15 1 10 738 738 0 yes
50 25 25 738 738 0 yes
27 1 1 739 739 0 yes
10 23 23 739 739 0 yes
56 6 6 740 740 0 yes
85 31 0 740 740 0 yes
36 4 4 740 740 0 yes
80 35 35 740 740 0 yes
64 35 35 740 740 0 yes
14 163 109 740 740 0 yes
85 0 0 740 740 0 yes
28 31 1 742 742 0 yes
17 49 59 743 743 0 yes
7 60 60 744 744 0 yes
76 46 46 744 744 0 yes
65 6 3 744 744 0 yes
55 51 51 745 745 0 yes
79 43 43 745 745 0 yes
91 6 29 745 745 0 yes
92 6 33 745 745 0 yes
38 87 87 745 745 0 yes
50 25 15 745 745 0 yes
56 6 24 745 745 0 yes
36 4 6 745 745 0 yes
76 46 29 745 745 0 yes
91 29 33 745 745 0 yes
49 51 51 746 746 0 yes
83 26 113 747 747 0 yes
80 35 6 747 747 0 yes
64 35 6 747 747 0 yes
83 113 113 747 747 0 yes
31 165 20 747 747 0 yes
31 20 21 747 747 0 yes
11 72 85 748 748 0 yes
94 1 90 748 748 0 yes
60 9 57 748 748 0 yes
49 51 52 748 748 0 yes
83 113 16 748 748 0 yes
11 85 61 748 748 0 yes
72 45 45 749 749 0 yes
89 69 69 749 749 0 yes
7 60 61 749 749 0 yes
92 33 33 749 749 0 yes
91 33 74 749 749 0 yes
37 4 6 750 750 0 yes
87 6 4 750 750 0 yes
55 51 56 750 750 0 yes
79 43 32 750 750 0 yes
74 76 76 751 751 0 yes
87 4 6 751 751 0 yes
39 78 72 753 753 0 yes
92 33 106 753 753 0 yes
13 166 73 753 753 0 yes
20 7 4 754 754 0 yes
70 42 42 754 754 0 yes
27 1 82 754 754 0 yes
10 23 47 754 754 0 yes
14 109 0 755 755 0 yes
85 0 37 755 755 0 yes
62 2 2 756 756 0 yes
21 1 9 757 757 0 yes
22 6 16 757 757 0 yes
33 28 128 758 758 0 yes
71 32 82 758 758 0 yes
67 2 74 758 758 0 yes
65 3 3 758 758 0 yes
21 9 9 758 758 0 yes
3 82 66 760 760 0 yes
51 4 4 760 760 0 yes
12 34 54 760 760 0 yes
38 87 87 760 760 0 yes
94 90 90 760 760 0 yes
3 66 66 760 760 0 yes
12 54 54 760 760 0 yes
48 10 10 761 761 0 yes
89 69 70 761 761 0 yes
13 73 82 761 761 0 yes
22 16 9 761 761 0 yes
2 61 78 762 762 0 yes
66 139 115 762 762 0 yes
5 91 58 762 762 0 yes
22 9 9 762 762 0 yes
5 58 58 762 762 0 yes
58 30 6 763 763 0 yes
65 3 4 763 763 0 yes
2 78 78 763 763 0 yes
66 115 115 763 763 0 yes
81 46 5 764 764 0 yes
31 21 111 764 764 0 yes
21 9 47 764 764 0 yes
3 66 1 764 764 0 yes
58 6 6 764 764 0 yes
66 115 9 764 764 0 yes
31 111 111 764 764 0 yes
36 6 1 765 765 0 yes
72 45 29 765 765 0 yes
51 4 6 765 765 0 yes
58 6 58 765 765 0 yes
22 9 116 766 766 0 yes
68 10 168 767 767 0 no
90 52 51 767 767 0 yes
74 76 16 767 767 0 yes
5 58 4 767 767 0 yes
23 19 9 768 768 0 yes
36 1 1 769 769 0 yes
37 6 88 770 770 0 yes
70 42 29 770 770 0 yes
56 24 24 771 771 0 yes
55 56 56 771 771 0 yes
10 47 47 772 772 0 yes
56 24 4 772 772 0 yes
79 32 32 773 773 0 yes
94 90 19 773 773 0 yes
10 47 48 773 773 0 yes
25 27 28 774 774 0 yes
37 88 88 774 774 0 yes
28 1 168 775 775 0 no
80 6 29 775 775 0 yes
64 6 29 775 775 0 yes
20 4 4 775 775 0 yes
38 87 87 775 775 0 yes
12 54 33 775 775 0 yes
37 88 5 775 775 0 yes
80 29 29 775 775 0 yes
64 29 29 775 775 0 yes
8 9 88 776 776 0 yes
65 4 4 776 776 0 yes
33 128 128 777 777 0 yes
8 88 88 777 777 0 yes
1 167 39 778 778 0 yes
83 16 1 779 779 0 yes
65 4 6 779 779 0 yes
33 128 50 779 779 0 yes
83 1 1 779 779 0 yes
87 6 29 780 780 0 yes
36 1 10 780 780 0 yes
20 4 6 780 780 0 yes
80 29 4 780 780 0 yes
64 29 4 780 780 0 yes
1 39 40 780 780 0 yes
87 29 29 780 780 0 yes
79 32 43 781 781 0 yes
87 29 30 781 781 0 yes
18 19 47 782 782 0 yes
17 59 32 783 783 0 yes
81 5 5 784 784 0 yes
17 32 32 784 784 0 yes
72 29 29 785 785 0 yes
81 5 16 785 785 0 yes
29 162 66 785 785 0 yes
2 78 60 786 786 0 yes
21 47 73 786 786 0 yes
58 58 58 787 787 0 yes
49 52 49 788 788 0 yes
62 2 168 788 788 0 no
48 10 0 788 788 0 yes
55 56 51 789 789 0 yes
50 15 15 790 790 0 yes
5 4 29 790 790 0 yes
70 29 6 790 790 0 yes
38 87 168 790 790 0 no
18 47 47 790 790 0 yes
72 29 30 790 790 0 yes
14 0 0 791 791 0 yes
23 9 9 791 791 0 yes
94 19 73 791 791 0 yes
29 66 1 791 791 0 yes
5 29 29 791 791 0 yes
70 6 6 791 791 0 yes
32 166 29 791 791 0 yes
94 73 9 791 791 0 yes
11 61 49 792 792 0 yes
67 74 161 792 792 0 no
31 111 20 792 792 0 yes
58 58 4 792 792 0 yes
49 49 32 792 792 0 yes
15 10 96 793 793 0 yes
73 163 25 793 793 0 yes
15 96 96 793 793 0 yes
51 6 6 794 794 0 yes
21 73 73 794 794 0 yes
50 15 6 795 795 0 yes
5 29 30 795 795 0 yes
70 6 42 795 795 0 yes
51 6 91 795 795 0 yes
16 163 6 795 795 0 yes
9 168 9 796 796 0 yes
92 106 138 796 796 0 yes
89 70 104 796 796 0 yes
12 33 33 797 797 0 yes
60 57 1 798 798 0 yes
15 96 1 798 798 0 yes
89 104 104 798 798 0 yes
12 33 34 798 798 0 yes
26 163 33 798 798 0 yes
60 1 1 798 798 0 yes
71 82 66 799 799 0 yes
65 6 6 799 799 0 yes
71 66 66 799 799 0 yes
56 4 6 800 800 0 yes
20 6 29 800 800 0 yes
23 9 0 800 800 0 yes
19 162 71 800 800 0 yes
56 6 6 800 800 0 yes
20 29 29 800 800 0 yes
6 160 46 801 801 0 yes
80 4 4 802 802 0 yes
64 4 168 802 802 0 no
11 49 49 802 802 0 yes
83 1 31 803 803 0 yes
11 49 59 803 803 0 yes
52 163 33 803 803 0 yes
22 116 116 804 804 0 yes
31 20 20 804 804 0 yes
89 104 69 804 804 0 yes
65 6 3 804 804 0 yes
53 163 50 804 804 0 yes
76 29 6 805 805 0 yes
13 82 66 805 805 0 yes
90 51 51 805 805 0 yes
74 16 1 805 805 0 yes
8 88 5 805 805 0 yes
1 40 102 805 805 0 yes
79 43 43 805 805 0 yes
73 25 15 805 805 0 yes
56 6 4 805 805 0 yes
6 46 29 805 805 0 yes
41 166 23 805 805 0 yes
35 161 17 805 805 0 yes
13 66 66 805 805 0 yes
74 1 1 805 805 0 yes
1 102 102 805 805 0 yes
10 48 33 806 806 0 yes
55 51 51 806 806 0 yes
92 138 17 806 806 0 yes
76 6 6 806 806 0 yes
16 6 50 807 807 0 yes
31 20 21 807 807 0 yes
10 33 33 807 807 0 yes
91 74 113 808 808 0 yes
39 72 85 808 808 0 yes
66 9 168 808 808 0 no
9 9 57 808 808 0 yes
60 1 47 808 808 0 yes
19 71 60 808 808 0 yes
90 51 52 808 808 0 yes
13 66 19 808 808 0 yes
74 1 47 808 808 0 yes
39 85 71 808 808 0 yes
85 37 169 809 809 0 no
87 30 29 809 809 0 yes
27 82 52 810 810 0 yes
33 50 1 810 810 0 yes
32 29 46 810 810 0 yes
26 33 76 810 810 0 yes
71 66 99 810 810 0 yes
20 29 4 810 810 0 yes
80 4 35 810 810 0 yes
79 43 32 810 810 0 yes
55 51 56 810 810 0 yes
76 6 100 810 810 0 yes
10 33 106 810 810 0 yes
87 29 29 810 810 0 yes
59 160 133 810 810 0 yes
17 32 82 811 811 0 yes
87 29 30 811 811 0 yes
22 116 9 813 813 0 yes
1 102 39 813 813 0 yes
54 163 6 813 813 0 yes
67 161 74 813 813 0 yes
70 42 42 814 814 0 yes
53 50 6 814 814 0 yes
41 23 9 814 814 0 yes
27 52 52 814 814 0 yes
59 133 81 814 814 0 yes
52 33 146 815 815 0 yes
67 74 2 815 815 0 yes
4 161 101 815 815 0 yes
18 47 48 816 816 0 yes
49 32 32 816 816 0 yes
7 61 78 817 817 0 yes
3 1 87 817 817 0 yes
27 52 51 817 817 0 yes
49 32 82 817 817 0 yes
25 28 83 818 818 0 yes
72 30 4 818 818 0 yes
65 3 168 818 818 0 no
7 78 78 818 818 0 yes
72 4 4 819 819 0 yes
37 5 161 820 820 0 no
58 4 4 820 820 0 yes
12 34 54 820 820 0 yes
33 1 1 820 820 0 yes
72 4 77 820 820 0 yes
12 54 54 820 820 0 yes
21 73 100 821 821 0 yes
14 0 109 822 822 0 yes
51 91 58 822 822 0 yes
3 87 87 822 822 0 yes
51 58 58 822 822 0 yes
5 30 6 823 823 0 yes
25 83 83 823 823 0 yes
31 21 111 824 824 0 yes
33 1 82 824 824 0 yes
5 6 6 824 824 0 yes
40 160 10 824 824 0 yes
31 111 111 824 824 0 yes
56 4 168 825 825 0 no
35 17 76 825 825 0 yes
54 6 58 825 825 0 yes
3 87 87 825 825 0 yes
25 83 71 825 825 0 yes
5 6 45 825 825 0 yes
51 58 4 827 827 0 yes
23 0 92 828 828 0 yes
4 101 16 828 828 0 yes
30 163 4 828 828 0 yes
81 16 168 829 829 0 no
76 100 7 829 829 0 yes
92 17 17 830 830 0 yes
71 99 6 830 830 0 yes
80 35 35 830 830 0 yes
70 42 29 830 830 0 yes
76 7 7 830 830 0 yes
79 32 32 831 831 0 yes
55 56 56 831 831 0 yes
20 4 1 832 832 0 yes
25 71 162 832 832 0 no
91 113 113 833 833 0 yes
59 81 81 833 833 0 yes
72 77 168 833 833 0 no
48 0 1 834 834 0 yes
39 71 71 834 834 0 yes
36 10 96 835 835 0 yes
50 6 87 835 835 0 yes
12 54 33 835 835 0 yes
36 96 96 835 835 0 yes
94 9 9 836 836 0 yes
83 31 10 836 836 0 yes
80 35 6 837 837 0 yes
79 32 43 837 837 0 yes
20 1 1 837 837 0 yes
36 96 1 837 837 0 yes
74 47 168 838 838 0 no
1 39 39 838 838 0 yes
39 71 72 838 838 0 yes
94 9 19 838 838 0 yes
87 30 4 839 839 0 yes
21 100 7 839 839 0 yes
50 87 87 839 839 0 yes
60 47 151 840 840 0 yes
58 4 26 840 840 0 yes
3 87 168 840 840 0 no
30 4 35 840 840 0 yes
1 39 40 840 840 0 yes
87 4 4 840 840 0 yes
21 7 7 840 840 0 yes
50 87 87 840 840 0 yes
60 151 47 840 840 0 yes
60 47 23 840 840 0 yes
52 146 130 841 841 0 yes
20 1 121 841 841 0 yes
87 4 79 841 841 0 yes
89 69 66 842 842 0 yes
52 130 130 842 842 0 yes
11 59 32 843 843 0 yes
5 45 45 844 844 0 yes
76 7 4 844 844 0 yes
59 81 15 844 844 0 yes
11 32 32 844 844 0 yes
85 169 0 844 844 0 yes
49 82 49 845 845 0 yes
89 66 1 845 845 0 yes
18 48 33 846 846 0 yes
7 78 60 846 846 0 yes
29 1 6 847 847 0 yes
54 58 58 847 847 0 yes
91 113 6 847 847 0 yes
49 49 49 847 847 0 yes
18 33 33 847 847 0 yes
90 52 66 848 848 0 yes
26 76 101 848 848 0 yes
40 10 0 848 848 0 yes
35 76 76 849 849 0 yes
55 56 51 849 849 0 yes
60 23 57 849 849 0 yes
60 57 1 849 849 0 yes
60 1 82 849 849 0 yes
2 60 60 850 850 0 yes
8 5 5 850 850 0 yes
73 15 15 850 850 0 yes
10 106 35 850 850 0 yes
51 4 6 850 850 0 yes
70 29 33 850 850 0 yes
35 76 16 850 850 0 yes
38 168 14 850 850 0 yes
51 6 6 850 850 0 yes
13 19 73 851 851 0 yes
90 66 1 851 851 0 yes
57 163 1 851 851 0 yes
13 73 9 851 851 0 yes
17 82 28 852 852 0 yes
31 111 20 852 852 0 yes
29 6 6 852 852 0 yes
54 58 4 852 852 0 yes
15 1 33 853 853 0 yes
15 33 33 853 853 0 yes
22 9 19 854 854 0 yes
71 6 6 854 854 0 yes
87 79 168 854 854 0 no
52 130 16 854 854 0 yes
18 33 118 854 854 0 yes
70 33 33 854 854 0 yes
67 2 2 855 855 0 yes
27 51 20 855 855 0 yes
50 87 87 855 855 0 yes
59 15 133 855 855 0 yes
8 5 16 855 855 0 yes
73 15 6 855 855 0 yes
51 6 91 855 855 0 yes
17 28 28 855 855 0 yes
71 6 42 855 855 0 yes
27 20 21 855 855 0 yes
12 33 25 857 857 0 yes
17 28 27 857 857 0 yes
9 57 23 858 858 0 yes
26 101 101 858 858 0 yes
70 33 34 858 858 0 yes
67 2 63 858 858 0 yes
12 25 88 858 858 0 yes
66 168 4 858 858 0 yes
12 88 5 858 858 0 yes
9 23 23 859 859 0 yes
14 109 109 860 860 0 yes
30 35 4 860 860 0 yes
5 45 29 860 860 0 yes
38 14 64 860 860 0 yes
57 1 31 863 863 0 yes
19 60 60 864 864 0 yes
32 46 46 864 864 0 yes
31 20 20 864 864 0 yes
6 29 29 865 865 0 yes
80 6 6 865 865 0 yes
79 43 51 865 865 0 yes
1 40 102 865 865 0 yes
76 4 4 865 865 0 yes
49 49 59 865 865 0 yes
32 46 29 865 865 0 yes
79 51 51 865 865 0 yes
1 102 102 865 865 0 yes
41 9 9 866 866 0 yes
55 51 51 866 866 0 yes
15 33 34 866 866 0 yes
67 63 63 866 866 0 yes
58 26 2 867 867 0 yes
10 35 6 867 867 0 yes
31 20 21 867 867 0 yes
53 6 29 868 868 0 yes
4 16 1 868 868 0 yes
48 1 3 868 868 0 yes
39 72 85 868 868 0 yes
11 32 28 868 868 0 yes
41 9 57 868 868 0 yes
55 51 52 868 868 0 yes
67 63 2 868 868 0 yes
53 29 29 868 868 0 yes
4 1 77 868 868 0 yes
39 85 71 868 868 0 yes
2 60 61 869 869 0 yes
95 165 43 870 870 0 yes
16 50 50 870 870 0 yes
29 6 90 870 870 0 yes
50 87 87 870 870 0 yes
66 4 35 870 870 0 yes
6 29 4 870 870 0 yes
80 6 75 870 870 0 yes
76 4 15 870 870 0 yes
79 51 56 870 870 0 yes
53 29 41 870 870 0 yes
95 43 32 870 870 0 yes
27 21 111 872 872 0 yes
27 111 111 872 872 0 yes
1 102 39 873 873 0 yes
75 166 73 873 873 0 yes
21 7 4 874 874 0 yes
91 6 3 874 874 0 yes
71 42 42 874 874 0 yes
9 23 9 874 874 0 yes
58 2 2 874 874 0 yes
48 3 3 874 874 0 yes
14 109 0 875 875 0 yes
23 92 2 876 876 0 yes
67 2 2 876 876 0 yes
4 77 77 878 878 0 yes
58 2 74 878 878 0 yes
67 2 2 878 878 0 yes
33 82 52 880 880 0 yes
20 121 78 880 880 0 yes
85 0 37 880 880 0 yes
54 4 6 880 880 0 yes
70 34 54 880 880 0 yes
30 4 4 880 880 0 yes
5 29 6 880 880 0 yes
4 77 6 880 880 0 yes
54 6 6 880 880 0 yes
70 54 54 880 880 0 yes
92 17 122 881 881 0 yes
83 10 10 881 881 0 yes
52 16 1 881 881 0 yes
27 111 20 881 881 0 yes
75 73 82 881 881 0 yes
5 6 6 881 881 0 yes
52 1 1 881 881 0 yes
51 91 58 882 882 0 yes
51 58 58 882 882 0 yes
18 118 44 884 884 0 yes
31 21 111 884 884 0 yes
48 3 4 884 884 0 yes
33 52 52 884 884 0 yes
31 111 111 884 884 0 yes
26 101 16 885 885 0 yes
16 50 25 885 885 0 yes
50 87 87 885 885 0 yes
30 4 6 885 885 0 yes
54 6 58 885 885 0 yes
5 6 45 885 885 0 yes
18 44 44 885 885 0 yes
59 133 160 886 886 0 no
51 58 4 887 887 0 yes
33 52 51 887 887 0 yes
94 19 73 888 888 0 yes
35 16 33 888 888 0 yes
15 34 168 888 888 0 no
29 90 90 888 888 0 yes
91 3 33 888 888 0 yes
94 73 73 888 888 0 yes
38 64 13 889 889 0 yes
35 33 33 889 889 0 yes
66 35 35 890 890 0 yes
71 42 29 890 890 0 yes
92 122 168 890 890 0 no
38 13 14 890 890 0 yes
79 56 56 891 891 0 yes
20 78 78 891 891 0 yes
6 4 29 892 892 0 yes
95 32 32 893 893 0 yes
31 111 20 893 893 0 yes
29 90 19 893 893 0 yes
6 29 29 893 893 0 yes
40 0 1 894 894 0 yes
17 27 28 894 894 0 yes
39 71 71 894 894 0 yes
4 6 6 894 894 0 yes
18 44 33 894 894 0 yes
91 33 18 894 894 0 yes
65 168 128 894 894 0 yes
36 1 1 895 895 0 yes
73 6 6 895 895 0 yes
10 6 1 895 895 0 yes
21 4 4 895 895 0 yes
70 54 33 895 895 0 yes
35 33 18 895 895 0 yes
4 6 53 895 895 0 yes
13 9 4 896 896 0 yes
57 31 10 896 896 0 yes
80 75 75 896 896 0 yes
48 4 6 897 897 0 yes
66 35 6 897 897 0 yes
48 6 4 897 897 0 yes
1 39 167 898 898 0 no
27 20 20 898 898 0 yes
39 71 72 898 898 0 yes
8 16 25 899 899 0 yes
10 1 1 899 899 0 yes
80 75 4 899 899 0 yes
52 1 47 900 900 0 yes
50 87 87 900 900 0 yes
6 29 4 900 900 0 yes
73 6 24 900 900 0 yes
21 4 6 900 900 0 yes
13 4 35 900 900 0 yes
8 25 25 900 900 0 yes
10 1 10 900 900 0 yes
89 1 168 901 901 0 no
95 32 43 901 901 0 yes
45 168 75 902 902 0 yes
77 168 6 903 903 0 yes
12 5 15 903 903 0 yes
86 164 73 903 903 0 yes
22 19 23 904 904 0 yes
11 28 28 904 904 0 yes
20 78 60 904 904 0 yes
60 82 66 905 905 0 yes
49 59 32 905 905 0 yes
60 66 66 905 905 0 yes
49 32 32 906 906 0 yes
60 66 1 906 906 0 yes
25 162 49 906 906 0 yes
90 1 45 907 907 0 yes
54 58 58 907 907 0 yes
55 52 107 908 908 0 yes
83 10 0 908 908 0 yes
65 128 50 908 908 0 yes
79 56 51 909 909 0 yes
76 15 15 910 910 0 yes
67 2 2 910 910 0 yes
51 4 33 910 910 0 yes
71 29 29 910 910 0 yes
31 20 165 910 910 0 no
14 0 97 911 911 0 yes
94 73 9 911 911 0 yes
29 19 23 911 911 0 yes
12 15 15 911 911 0 yes
22 23 57 911 911 0 yes
28 168 1 911 911 0 yes
22 57 1 911 911 0 yes
22 1 48 911 911 0 yes
22 48 6 911 911 0 yes
25 49 32 912 912 0 yes
54 58 4 912 912 0 yes
53 41 41 914 914 0 yes
30 6 6 914 914 0 yes
27 20 21 915 915 0 yes
50 87 87 915 915 0 yes
77 6 42 915 915 0 yes
76 15 16 915 915 0 yes
51 33 33 915 915 0 yes
71 29 30 915 915 0 yes
30 6 91 915 915 0 yes
22 6 45 916 916 0 yes
84 163 9 916 916 0 yes
58 74 74 917 917 0 yes
5 45 29 917 917 0 yes
70 33 4 917 917 0 yes
48 4 4 917 917 0 yes
11 28 27 917 917 0 yes
90 45 45 917 917 0 yes
41 57 166 918 918 0 no
38 14 14 918 918 0 yes
36 1 31 918 918 0 yes
29 23 23 918 918 0 yes
55 107 107 919 919 0 yes
44 162 49 919 919 0 yes
21 6 79 920 920 0 yes
13 35 35 920 920 0 yes
45 75 4 920 920 0 yes
90 45 29 920 920 0 yes
38 14 64 920 920 0 yes
43 160 0 920 920 0 yes
70 4 35 921 921 0 yes
6 4 4 922 922 0 yes
28 1 31 923 923 0 yes
7 60 60 924 924 0 yes
18 33 33 924 924 0 yes
4 53 53 924 924 0 yes
32 29 29 925 925 0 yes
75 82 66 925 925 0 yes
26 16 1 925 925 0 yes
33 51 51 925 925 0 yes
66 6 6 925 925 0 yes
80 4 4 925 925 0 yes
8 25 26 925 925 0 yes
95 43 43 925 925 0 yes
51 33 17 925 925 0 yes
5 29 29 925 925 0 yes
44 49 59 925 925 0 yes
4 53 4 925 925 0 yes
75 66 66 925 925 0 yes
26 1 1 925 925 0 yes
9 9 3 926 926 0 yes
73 24 24 926 926 0 yes
79 51 51 926 926 0 yes
21 79 79 926 926 0 yes
93 169 126 926 926 0 yes
27 21 111 927 927 0 yes
48 4 65 927 927 0 yes
13 35 6 927 927 0 yes
73 24 4 927 927 0 yes
47 160 0 927 927 0 yes
27 111 111 927 927 0 yes
40 1 6 928 928 0 yes
39 72 85 928 928 0 yes
49 32 82 928 928 0 yes
84 9 57 928 928 0 yes
33 51 52 928 928 0 yes
75 66 19 928 928 0 yes
39 85 71 928 928 0 yes
23 2 2 929 929 0 yes
85 37 38 929 929 0 yes
7 60 61 929 929 0 yes
52 47 104 930 930 0 yes
50 87 87 930 930 0 yes
55 107 107 930 930 0 yes
6 4 6 930 930 0 yes
32 29 46 930 930 0 yes
66 6 75 930 930 0 yes
80 4 65 930 930 0 yes
95 43 32 930 930 0 yes
5 29 4 930 930 0 yes
79 51 56 930 930 0 yes
21 79 6 930 930 0 yes
85 38 38 930 930 0 yes
26 1 50 931 931 0 yes
18 33 34 932 932 0 yes
9 3 3 932 932 0 yes
14 97 97 933 933 0 yes
40 6 6 933 933 0 yes
2 61 78 934 934 0 yes
35 18 18 934 934 0 yes
53 41 29 934 934 0 yes
77 42 42 934 934 0 yes
29 23 9 934 934 0 yes
16 25 50 935 935 0 yes
58 74 2 935 935 0 yes
43 0 37 935 935 0 yes
85 38 31 935 935 0 yes
2 78 78 935 935 0 yes
25 32 32 936 936 0 yes
35 18 16 937 937 0 yes
25 32 82 937 937 0 yes
17 28 52 938 938 0 yes
67 2 2 938 938 0 yes
23 2 74 938 938 0 yes
91 18 168 939 939 0 no
65 50 9 939 939 0 yes
93 126 115 939 939 0 yes
54 4 4 940 940 0 yes
90 29 1 940 940 0 yes
14 97 39 940 940 0 yes
57 10 96 941 941 0 yes
86 73 100 941 941 0 yes
70 35 35 941 941 0 yes
55 107 78 941 941 0 yes
57 96 96 941 941 0 yes
30 91 58 942 942 0 yes
47 0 109 942 942 0 yes
17 52 52 942 942 0 yes
30 58 58 942 942 0 yes
71 30 29 943 943 0 yes
42 167 54 943 943 0 yes
96 163 65 944 944 0 yes
21 6 6 944 944 0 yes
9 3 4 944 944 0 yes
16 50 50 944 944 0 yes
90 1 82 944 944 0 yes
71 29 29 944 944 0 yes
50 87 87 945 945 0 yes
40 6 58 945 945 0 yes
54 4 6 945 945 0 yes
55 78 60 945 945 0 yes
21 6 45 945 945 0 yes
71 29 30 945 945 0 yes
45 4 4 946 946 0 yes
48 65 65 947 947 0 yes
17 52 51 947 947 0 yes
30 58 4 947 947 0 yes
97 163 1 948 948 0 yes
22 45 45 948 948 0 yes
93 115 126 948 948 0 yes
70 35 6 948 948 0 yes
87 168 6 948 948 0 yes
38 64 13 949 949 0 yes
65 9 9 949 949 0 yes
6 6 29 950 950 0 yes
80 65 5 950 950 0 yes
77 42 29 950 950 0 yes
38 13 14 950 950 0 yes
6 29 29 950 950 0 yes
36 31 10 951 951 0 yes
95 32 32 951 951 0 yes
79 56 56 951 951 0 yes
2 78 60 951 951 0 yes
45 4 6 951 951 0 yes
22 45 29 951 951 0 yes
5 4 4 952 952 0 yes
52 104 104 953 953 0 yes
16 50 25 953 953 0 yes
65 9 129 953 953 0 yes
83 0 1 954 954 0 yes
11 27 28 954 954 0 yes
39 71 71 954 954 0 yes
18 34 54 954 954 0 yes
48 65 6 954 954 0 yes
18 54 54 954 954 0 yes
10 10 10 955 955 0 yes
4 4 33 955 955 0 yes
13 6 53 955 955 0 yes
73 4 29 955 955 0 yes
42 54 33 955 955 0 yes
94 9 9 956 956 0 yes
28 31 10 956 956 0 yes
66 75 75 956 956 0 yes
73 29 29 956 956 0 yes
8 26 113 957 957 0 yes
96 65 6 957 957 0 yes
9 4 4 957 957 0 yes
95 32 43 957 957 0 yes
8 113 113 957 957 0 yes
14 39 39 958 958 0 yes
93 126 126 958 958 0 yes
39 71 72 958 958 0 yes
94 9 19 958 958 0 yes
8 113 6 958 958 0 yes
19 60 71 959 959 0 yes
76 16 1 959 959 0 yes
86 100 78 959 959 0 yes
66 75 4 959 959 0 yes
76 1 1 959 959 0 yes
27 111 20 960 960 0 yes
50 87 87 960 960 0 yes
97 1 10 960 960 0 yes
87 6 55 960 960 0 yes
6 29 118 960 960 0 yes
5 4 117 960 960 0 yes
52 104 69 960 960 0 yes
4 33 33 960 960 0 yes
73 29 4 960 960 0 yes
9 4 6 960 960 0 yes
14 39 142 960 960 0 yes
60 1 4 962 962 0 yes
57 96 1 964 964 0 yes
21 45 45 964 964 0 yes
44 59 51 965 965 0 yes
25 82 78 965 965 0 yes
76 1 47 965 965 0 yes
88 164 60 965 965 0 yes
37 161 17 965 965 0 yes
60 4 6 966 966 0 yes
31 165 49 966 966 0 yes
60 6 91 966 966 0 yes
40 58 58 967 967 0 yes
33 52 28 968 968 0 yes
10 10 0 968 968 0 yes
98 162 69 969 969 0 yes
49 82 49 969 969 0 yes
79 56 51 969 969 0 yes
18 54 33 969 969 0 yes
67 2 2 970 970 0 yes
30 4 4 970 970 0 yes
77 29 6 970 970 0 yes
88 60 61 970 970 0 yes
12 15 62 971 971 0 yes
75 19 73 971 971 0 yes
80 5 5 971 971 0 yes
45 6 6 971 971 0 yes
22 29 29 971 971 0 yes
49 49 49 971 971 0 yes
77 6 6 971 971 0 yes
75 73 9 971 971 0 yes
27 20 43 972 972 0 yes
40 58 4 972 972 0 yes
33 28 28 972 972 0 yes
49 49 32 972 972 0 yes
27 43 43 972 972 0 yes
71 30 29 973 973 0 yes
54 6 6 974 974 0 yes
71 29 29 974 974 0 yes
58 2 2 975 975 0 yes
50 87 87 975 975 0 yes
25 78 60 975 975 0 yes
30 4 79 975 975 0 yes
80 5 16 975 975 0 yes
54 6 91 975 975 0 yes
71 29 30 975 975 0 yes
70 6 3 976 976 0 yes
65 129 36 976 976 0 yes
14 142 163 976 976 0 no
22 29 30 976 976 0 yes
61 162 78 976 976 0 yes
65 36 36 976 976 0 yes
23 74 74 977 977 0 yes
42 33 25 977 977 0 yes
98 69 70 977 977 0 yes
33 28 27 977 977 0 yes
84 57 23 978 978 0 yes
38 14 14 978 978 0 yes
86 78 78 978 978 0 yes
27 43 32 978 978 0 yes
58 2 63 978 978 0 yes
42 25 25 978 978 0 yes
84 23 23 979 979 0 yes
85 31 0 980 980 0 yes
35 16 88 980 980 0 yes
47 109 109 980 980 0 yes
4 33 18 980 980 0 yes
9 6 168 980 980 0 no
21 45 29 980 980 0 yes
38 14 64 980 980 0 yes
42 25 15 980 980 0 yes
85 0 0 980 980 0 yes
51 17 17 981 981 0 yes
35 88 88 981 981 0 yes
48 6 6 982 982 0 yes
73 4 9 982 982 0 yes
20 60 60 984 984 0 yes
32 46 46 984 984 0 yes
13 53 53 984 984 0 yes
17 51 43 985 985 0 yes
96 6 4 985 985 0 yes
95 43 165 985 985 0 no
8 6 29 985 985 0 yes
66 4 6 985 985 0 yes
37 17 18 985 985 0 yes
31 49 32 985 985 0 yes
35 88 5 985 985 0 yes
32 46 29 985 985 0 yes
13 53 4 985 985 0 yes
17 43 43 985 985 0 yes
8 29 29 985 985 0 yes
66 6 6 985 985 0 yes
29 9 1 986 986 0 yes
79 51 51 986 986 0 yes
58 63 63 986 986 0 yes
96 4 4 986 986 0 yes
53 29 1 987 987 0 yes
6 118 29 987 987 0 yes
44 51 51 987 987 0 yes
73 9 9 987 987 0 yes
29 1 1 987 987 0 yes
83 1 33 988 988 0 yes
39 72 162 988 988 0 no
30 79 79 988 988 0 yes
58 63 2 988 988 0 yes
44 51 52 988 988 0 yes
73 9 57 988 988 0 yes
83 33 33 988 988 0 yes
43 37 38 989 989 0 yes
20 60 61 989 989 0 yes
24 160 93 989 989 0 yes
26 50 50 990 990 0 yes
5 117 6 990 990 0 yes
77 6 75 990 990 0 yes
50 87 87 990 990 0 yes
70 3 3 990 990 0 yes
61 78 107 990 990 0 yes
17 43 32 990 990 0 yes
8 29 4 990 990 0 yes
66 6 90 990 990 0 yes
79 51 56 990 990 0 yes
96 4 6 990 990 0 yes
30 79 6 990 990 0 yes
83 33 46 990 990 0 yes
43 38 38 990 990 0 yes
18 33 33 991 991 0 yes
53 1 1 991 991 0 yes
26 50 25 991 991 0 yes
78 160 68 991 991 0 yes
12 62 67 992 992 0 yes
18 33 34 992 992 0 yes
60 91 58 993 993 0 yes
41 166 73 993 993 0 yes
60 58 58 993 993 0 yes
7 61 78 994 994 0 yes
65 36 9 994 994 0 yes
84 23 9 994 994 0 yes
76 47 47 995 995 0 yes
23 74 2 995 995 0 yes
47 109 0 995 995 0 yes
85 0 37 995 995 0 yes
70 3 4 995 995 0 yes
43 38 31 995 995 0 yes
7 78 78 995 995 0 yes
36 10 96 996 996 0 yes
45 6 42 996 996 0 yes
49 32 32 996 996 0 yes
58 2 2 996 996 0 yes
36 96 96 996 996 0 yes
49 32 82 997 997 0 yes
11 28 28 998 998 0 yes
52 69 66 998 998 0 yes
67 2 2 998 998 0 yes
61 107 78 998 998 0 yes
60 58 4 998 998 0 yes
58 2 74 998 998 0 yes
46 167 44 998 998 0 yes
93 126 115 999 999 0 yes
27 32 32 999 999 0 yes
90 82 55 1000 1000 0 yes
40 4 4 1000 1000 0 yes
21 29 1 1000 1000 0 yes
46 44 33 1000 1000 0 yes
28 10 96 1001 1001 0 yes
87 55 52 1001 1001 0 yes
41 73 82 1001 1001 0 yes
52 66 1 1001 1001 0 yes
28 96 96 1001 1001 0 yes
87 52 52 1001 1001 0 yes
54 91 58 1002 1002 0 yes
86 78 60 1002 1002 0 yes
48 6 45 1002 1002 0 yes
7 78 72 1002 1002 0 yes
54 58 58 1002 1002 0 yes
71 30 6 1003 1003 0 yes
90 55 55 1003 1003 0 yes
59 160 46 1003 1003 0 yes
99 169 126 1004 1004 0 yes
22 30 4 1004 1004 0 yes
29 1 82 1004 1004 0 yes
30 6 29 1004 1004 0 yes
53 1 47 1004 1004 0 yes
21 1 1 1004 1004 0 yes
71 6 6 1004 1004 0 yes
90 55 4 1004 1004 0 yes
30 29 29 1004 1004 0 yes
55 60 60 1005 1005 0 yes
50 87 87 1005 1005 0 yes
78 68 15 1005 1005 0 yes
40 4 6 1005 1005 0 yes
22 4 4 1005 1005 0 yes
71 6 58 1005 1005 0 yes
30 29 30 1005 1005 0 yes
61 78 78 1006 1006 0 yes
27 32 82 1006 1006 0 yes
22 4 79 1006 1006 0 yes
87 52 51 1007 1007 0 yes
54 58 4 1007 1007 0 yes
59 46 33 1007 1007 0 yes
16 25 25 1008 1008 0 yes
94 19 73 1008 1008 0 yes
66 90 90 1008 1008 0 yes
70 4 4 1008 1008 0 yes
93 115 169 1008 1008 0 no
63 168 29 1008 1008 0 yes
94 73 73 1008 1008 0 yes
14 163 4 1008 1008 0 yes
38 64 13 1009 1009 0 yes
12 67 67 1009 1009 0 yes
37 18 108 1010 1010 0 yes
6 29 29 1010 1010 0 yes
96 6 33 1010 1010 0 yes
38 13 14 1010 1010 0 yes
24 93 6 1011 1011 0 yes
79 56 56 1011 1011 0 yes
70 4 6 1011 1011 0 yes
98 70 104 1012 1012 0 yes
8 4 6 1012 1012 0 yes
21 1 47 1012 1012 0 yes
8 6 6 1012 1012 0 yes
5 6 6 1013 1013 0 yes
17 32 32 1013 1013 0 yes
66 90 19 1013 1013 0 yes
19 71 69 1014 1014 0 yes
10 0 1 1014 1014 0 yes
33 27 28 1014 1014 0 yes
18 34 54 1014 1014 0 yes
96 33 33 1014 1014 0 yes
98 104 104 1014 1014 0 yes
18 54 54 1014 1014 0 yes
97 10 10 1015 1015 0 yes
13 4 6 1015 1015 0 yes
45 42 42 1015 1015 0 yes
16 25 15 1015 1015 0 yes
8 6 53 1015 1015 0 yes
96 33 18 1015 1015 0 yes
13 6 6 1015 1015 0 yes
75 9 9 1016 1016 0 yes
51 17 16 1016 1016 0 yes
77 75 75 1016 1016 0 yes
99 126 115 1017 1017 0 yes
19 69 69 1017 1017 0 yes
65 9 9 1018 1018 0 yes
11 28 59 1018 1018 0 yes
17 32 28 1018 1018 0 yes
75 9 19 1018 1018 0 yes
57 1 9 1019 1019 0 yes
80 16 1 1019 1019 0 yes
36 96 1 1019 1019 0 yes
55 60 71 1019 1019 0 yes
22 79 79 1019 1019 0 yes
77 75 4 1019 1019 0 yes
80 1 1 1019 1019 0 yes
50 87 87 1020 1020 0 yes
78 15 15 1020 1020 0 yes
63 29 4 1020 1020 0 yes
14 4 35 1020 1020 0 yes
6 29 46 1020 1020 0 yes
5 6 24 1020 1020 0 yes
98 104 69 1020 1020 0 yes
57 9 9 1020 1020 0 yes
80 1 10 1020 1020 0 yes
31 32 43 1021 1021 0 yes
60 4 168 1021 1021 0 no
48 45 45 1021 1021 0 yes
61 78 60 1021 1021 0 yes
37 108 108 1021 1021 0 yes
22 79 6 1021 1021 0 yes
4 18 18 1022 1022 0 yes
28 96 1 1024 1024 0 yes
100 161 17 1025 1025 0 yes
42 15 16 1025 1025 0 yes
49 82 28 1025 1025 0 yes
53 47 33 1025 1025 0 yes
4 18 16 1025 1025 0 yes
13 6 121 1026 1026 0 yes
99 115 126 1026 1026 0 yes
71 58 58 1027 1027 0 yes
88 61 78 1028 1028 0 yes
44 52 49 1028 1028 0 yes
97 10 0 1028 1028 0 yes
49 28 28 1028 1028 0 yes
79 56 51 1029 1029 0 yes
18 54 33 1029 1029 0 yes
88 78 78 1029 1029 0 yes
35 5 5 1030 1030 0 yes
46 33 29 1030 1030 0 yes
54 4 109 1030 1030 0 yes
47 0 0 1031 1031 0 yes
94 73 9 1031 1031 0 yes
70 6 1 1031 1031 0 yes
66 19 73 1031 1031 0 yes
45 42 29 1031 1031 0 yes
66 73 73 1031 1031 0 yes
58 74 2 1032 1032 0 yes
71 58 4 1032 1032 0 yes
44 49 32 1032 1032 0 yes
30 30 6 1033 1033 0 yes
40 6 1 1034 1034 0 yes
30 6 6 1034 1034 0 yes
25 60 60 1035 1035 0 yes
23 2 6 1035 1035 0 yes
50 87 87 1035 1035 0 yes
78 15 68 1035 1035 0 yes
22 6 6 1035 1035 0 yes
35 5 6 1035 1035 0 yes
46 29 30 1035 1035 0 yes
70 1 1 1035 1035 0 yes
30 6 42 1035 1035 0 yes
67 2 2 1036 1036 0 yes
99 126 126 1036 1036 0 yes
22 6 45 1036 1036 0 yes
19 69 70 1037 1037 0 yes
48 45 29 1037 1037 0 yes
49 28 27 1037 1037 0 yes
73 57 23 1038 1038 0 yes
38 14 14 1038 1038 0 yes
40 1 1 1038 1038 0 yes
73 23 23 1039 1039 0 yes
43 31 160 1040 1040 0 no
14 35 35 1040 1040 0 yes
38 14 64 1040 1040 0 yes
83 46 46 1041 1041 0 yes
26 25 88 1041 1041 0 yes
70 1 10 1041 1041 0 yes
26 88 88 1041 1041 0 yes
76 47 48 1042 1042 0 yes
21 47 151 1042 1042 0 yes
63 4 4 1042 1042 0 yes
21 151 151 1042 1042 0 yes
12 67 6 1043 1043 0 yes
57 9 116 1043 1043 0 yes
40 1 31 1043 1043 0 yes
1 167 39 1043 1043 0 yes
2 60 73 1044 1044 0 yes
8 53 53 1044 1044 0 yes
41 82 66 1045 1045 0 yes
90 4 6 1045 1045 0 yes
87 51 51 1045 1045 0 yes
24 6 3 1045 1045 0 yes
77 4 168 1045 1045 0 no
31 43 20 1045 1045 0 yes
100 17 122 1045 1045 0 yes
53 33 17 1045 1045 0 yes
83 46 29 1045 1045 0 yes
26 88 5 1045 1045 0 yes
21 151 152 1045 1045 0 yes
1 39 116 1045 1045 0 yes
8 53 4 1045 1045 0 yes
41 66 66 1045 1045 0 yes
90 6 6 1045 1045 0 yes
31 20 20 1045 1045 0 yes
84 9 25 1046 1046 0 yes
5 24 24 1046 1046 0 yes
79 51 51 1046 1046 0 yes
32 29 29 1047 1047 0 yes
27 82 168 1047 1047 0 no
14 35 6 1047 1047 0 yes
31 20 21 1047 1047 0 yes
84 25 25 1047 1047 0 yes
5 24 4 1047 1047 0 yes
7 72 104 1048 1048 0 yes
10 1 33 1048 1048 0 yes
65 9 57 1048 1048 0 yes
87 51 52 1048 1048 0 yes
41 66 19 1048 1048 0 yes
10 33 33 1048 1048 0 yes
85 37 38 1049 1049 0 yes
37 108 15 1049 1049 0 yes
54 109 109 1049 1049 0 yes
25 60 86 1049 1049 0 yes
88 78 60 1050 1050 0 yes
23 6 6 1050 1050 0 yes
50 87 87 1050 1050 0 yes
78 68 0 1050 1050 0 yes
63 4 12 1050 1050 0 yes
90 6 100 1050 1050 0 yes
79 51 56 1050 1050 0 yes
32 29 4 1050 1050 0 yes
10 33 46 1050 1050 0 yes
85 38 38 1050 1050 0 yes
18 33 33 1051 1051 0 yes
45 29 67 1051 1051 0 yes
18 33 34 1052 1052 0 yes
11 59 32 1053 1053 0 yes
20 61 78 1054 1054 0 yes
86 60 164 1054 1054 0 no
17 28 52 1054 1054 0 yes
30 42 42 1054 1054 0 yes
73 23 9 1054 1054 0 yes
100 122 161 1054 1054 0 no
11 32 32 1054 1054 0 yes
47 0 37 1055 1055 0 yes
54 109 0 1055 1055 0 yes
85 38 31 1055 1055 0 yes
20 78 72 1055 1055 0 yes
44 32 32 1056 1056 0 yes
52 1 4 1057 1057 0 yes
96 18 18 1057 1057 0 yes
48 29 29 1057 1057 0 yes
44 32 82 1057 1057 0 yes
33 28 66 1058 1058 0 yes
98 69 162 1058 1058 0 no
58 2 74 1058 1058 0 yes
67 2 2 1058 1058 0 yes
78 0 0 1058 1058 0 yes
17 52 52 1058 1058 0 yes
99 126 115 1059 1059 0 yes
24 3 3 1059 1059 0 yes
31 21 111 1059 1059 0 yes
31 111 111 1059 1059 0 yes
29 82 49 1060 1060 0 yes
59 33 29 1060 1060 0 yes
16 15 15 1060 1060 0 yes
71 4 4 1060 1060 0 yes
66 73 100 1061 1061 0 yes
1 116 119 1061 1061 0 yes
45 67 6 1061 1061 0 yes
52 4 4 1061 1061 0 yes
33 66 1 1061 1061 0 yes
1 119 39 1061 1061 0 yes
48 29 30 1062 1062 0 yes
78 0 109 1062 1062 0 yes
29 49 49 1062 1062 0 yes
46 30 39 1063 1063 0 yes
12 6 6 1063 1063 0 yes
7 104 104 1063 1063 0 yes
13 121 103 1064 1064 0 yes
21 152 134 1064 1064 0 yes
24 3 4 1064 1064 0 yes
93 169 126 1064 1064 0 yes
13 103 103 1064 1064 0 yes
4 16 33 1065 1065 0 yes
23 6 58 1065 1065 0 yes
50 87 87 1065 1065 0 yes
63 12 87 1065 1065 0 yes
59 29 125 1065 1065 0 yes
16 15 6 1065 1065 0 yes
71 4 6 1065 1065 0 yes
21 134 134 1065 1065 0 yes
4 33 33 1066 1066 0 yes
21 134 47 1066 1066 0 yes
17 52 51 1067 1067 0 yes
75 19 166 1068 1068 0 no
22 45 6 1068 1068 0 yes
96 18 16 1068 1068 0 yes
99 115 169 1068 1068 0 no
12 6 75 1068 1068 0 yes
42 16 33 1069 1069 0 yes
38 64 13 1069 1069 0 yes
90 100 78 1069 1069 0 yes
37 15 15 1070 1070 0 yes
30 42 29 1070 1070 0 yes
42 33 33 1070 1070 0 yes
38 13 14 1070 1070 0 yes
79 56 56 1071 1071 0 yes
13 103 25 1071 1071 0 yes
19 70 49 1072 1072 0 yes
76 48 1 1072 1072 0 yes
32 4 9 1072 1072 0 yes
76 1 47 1072 1072 0 yes
51 16 1 1073 1073 0 yes
31 111 20 1073 1073 0 yes
29 49 59 1073 1073 0 yes
63 87 87 1073 1073 0 yes
37 15 62 1073 1073 0 yes
51 1 1 1073 1073 0 yes
36 1 168 1074 1074 0 no
55 71 28 1074 1074 0 yes
6 46 160 1074 1074 0 no
97 0 1 1074 1074 0 yes
49 27 28 1074 1074 0 yes
18 34 54 1074 1074 0 yes
18 54 54 1074 1074 0 yes
80 10 10 1075 1075 0 yes
35 6 53 1075 1075 0 yes
8 4 4 1075 1075 0 yes
14 6 6 1075 1075 0 yes
84 25 15 1075 1075 0 yes
5 4 6 1075 1075 0 yes
4 33 76 1075 1075 0 yes
5 6 3 1075 1075 0 yes
94 9 4 1076 1076 0 yes
40 31 10 1076 1076 0 yes
11 32 43 1077 1077 0 yes
24 4 29 1077 1077 0 yes
93 126 115 1077 1077 0 yes
22 6 6 1077 1077 0 yes
32 9 9 1077 1077 0 yes
55 28 28 1077 1077 0 yes
1 39 167 1078 1078 0 no
24 29 29 1078 1078 0 yes
32 9 19 1078 1078 0 yes
28 1 6 1079 1079 0 yes
66 100 7 1079 1079 0 yes
2 73 73 1080 1080 0 yes
52 4 89 1080 1080 0 yes
7 104 69 1080 1080 0 yes
50 87 6 1080 1080 0 yes
42 33 118 1080 1080 0 yes
63 87 87 1080 1080 0 yes
8 4 6 1080 1080 0 yes
14 6 55 1080 1080 0 yes
94 4 35 1080 1080 0 yes
24 29 4 1080 1080 0 yes
66 7 7 1080 1080 0 yes
57 116 116 1081 1081 0 yes
45 6 6 1081 1081 0 yes
22 6 100 1081 1081 0 yes
19 49 49 1083 1083 0 yes
28 6 6 1084 1084 0 yes
66 7 4 1084 1084 0 yes
44 82 69 1085 1085 0 yes
46 39 39 1085 1085 0 yes
21 47 9 1086 1086 0 yes
93 115 169 1086 1086 0 no
45 6 58 1086 1086 0 yes
23 58 58 1087 1087 0 yes
57 116 9 1087 1087 0 yes
87 52 7 1088 1088 0 yes
90 78 78 1088 1088 0 yes
80 10 0 1088 1088 0 yes
50 6 6 1088 1088 0 yes
44 69 69 1088 1088 0 yes
79 56 51 1089 1089 0 yes
18 54 33 1089 1089 0 yes
5 3 3 1089 1089 0 yes
26 5 5 1090 1090 0 yes
67 2 2 1090 1090 0 yes
48 30 29 1090 1090 0 yes
30 29 29 1090 1090 0 yes
31 20 165 1090 1090 0 no
51 1 121 1090 1090 0 yes
46 39 40 1090 1090 0 yes
41 19 73 1091 1091 0 yes
54 0 46 1091 1091 0 yes
48 29 29 1091 1091 0 yes
41 73 9 1091 1091 0 yes
19 49 32 1092 1092 0 yes
23 58 4 1092 1092 0 yes
48 29 30 1092 1092 0 yes
6 160 46 1093 1093 0 yes
71 6 1 1094 1094 0 yes
12 75 75 1094 1094 0 yes
37 62 108 1094 1094 0 yes
5 3 4 1094 1094 0 yes
63 87 87 1095 1095 0 yes
28 6 42 1095 1095 0 yes
50 6 91 1095 1095 0 yes
26 5 16 1095 1095 0 yes
30 29 30 1095 1095 0 yes
37 108 108 1095 1095 0 yes
70 10 96 1096 1096 0 yes
59 125 2 1096 1096 0 yes
70 96 96 1096 1096 0 yes
58 74 74 1097 1097 0 yes
55 28 110 1097 1097 0 yes
44 69 70 1097 1097 0 yes
6 46 33 1097 1097 0 yes
12 75 4 1097 1097 0 yes
65 57 23 1098 1098 0 yes
38 14 168 1098 1098 0 no
67 2 63 1098 1098 0 yes
71 1 1 1098 1098 0 yes
65 23 23 1099 1099 0 yes
85 31 0 1100 1100 0 yes
78 109 109 1100 1100 0 yes
8 6 6 1100 1100 0 yes
94 35 35 1100 1100 0 yes
22 100 73 1100 1100 0 yes
85 0 0 1100 1100 0 yes
53 17 17 1101 1101 0 yes
10 46 160 1101 1101 0 no
20 72 85 1101 1101 0 yes
13 25 25 1101 1101 0 yes
20 85 85 1101 1101 0 yes
76 47 48 1102 1102 0 yes
24 4 4 1102 1102 0 yes
71 1 31 1103 1103 0 yes
61 60 60 1104 1104 0 yes
35 53 53 1104 1104 0 yes
54 46 46 1104 1104 0 yes
83 29 33 1105 1105 0 yes
16 6 29 1105 1105 0 yes
17 51 51 1105 1105 0 yes
11 43 51 1105 1105 0 yes
66 4 4 1105 1105 0 yes
13 25 15 1105 1105 0 yes
35 53 4 1105 1105 0 yes
16 29 29 1105 1105 0 yes
11 51 51 1105 1105 0 yes
73 9 88 1106 1106 0 yes
52 89 89 1106 1106 0 yes
21 9 9 1106 1106 0 yes
79 51 20 1106 1106 0 yes
67 63 63 1106 1106 0 yes
79 20 20 1106 1106 0 yes
5 4 29 1107 1107 0 yes
94 35 6 1107 1107 0 yes
73 88 88 1107 1107 0 yes
79 20 21 1107 1107 0 yes
96 16 1 1108 1108 0 yes
97 1 1 1108 1108 0 yes
45 58 58 1108 1108 0 yes
87 7 7 1108 1108 0 yes
20 85 71 1108 1108 0 yes
11 51 52 1108 1108 0 yes
21 9 57 1108 1108 0 yes
67 63 2 1108 1108 0 yes
5 29 29 1108 1108 0 yes
96 1 1 1108 1108 0 yes
25 86 52 1109 1109 0 yes
47 37 38 1109 1109 0 yes
37 108 15 1109 1109 0 yes
83 33 33 1109 1109 0 yes
42 118 167 1110 1110 0 no
90 78 60 1110 1110 0 yes
63 87 87 1110 1110 0 yes
8 6 90 1110 1110 0 yes
24 4 12 1110 1110 0 yes
17 51 56 1110 1110 0 yes
5 29 4 1110 1110 0 yes
47 38 38 1110 1110 0 yes
83 33 46 1110 1110 0 yes
18 33 88 1111 1111 0 yes
70 96 1 1111 1111 0 yes
18 88 88 1112 1112 0 yes
88 60 164 1113 1113 0 no
29 59 32 1113 1113 0 yes
46 40 102 1113 1113 0 yes
22 73 73 1113 1113 0 yes
45 58 4 1113 1113 0 yes
100 161 18 1113 1113 0 yes
46 102 102 1113 1113 0 yes
28 42 42 1114 1114 0 yes
65 23 9 1114 1114 0 yes
87 7 4 1114 1114 0 yes
29 32 32 1114 1114 0 yes
58 74 2 1115 1115 0 yes
78 109 0 1115 1115 0 yes
85 0 153 1115 1115 0 yes
25 52 52 1115 1115 0 yes
47 38 31 1115 1115 0 yes
46 102 39 1115 1115 0 yes
4 76 138 1116 1116 0 yes
19 32 32 1116 1116 0 yes
67 2 2 1116 1116 0 yes
4 138 138 1116 1116 0 yes
33 1 1 1117 1117 0 yes
19 32 82 1117 1117 0 yes
49 28 49 1118 1118 0 yes
7 69 66 1118 1118 0 yes
59 2 2 1118 1118 0 yes
29 32 28 1118 1118 0 yes
79 21 111 1119 1119 0 yes
18 88 89 1119 1119 0 yes
79 111 111 1119 1119 0 yes
84 15 15 1120 1120 0 yes
23 4 6 1120 1120 0 yes
48 30 168 1120 1120 0 no
73 88 5 1120 1120 0 yes
4 138 17 1120 1120 0 yes
23 6 6 1120 1120 0 yes
40 10 10 1121 1121 0 yes
2 73 82 1121 1121 0 yes
14 55 55 1121 1121 0 yes
52 89 16 1121 1121 0 yes
22 73 47 1121 1121 0 yes
7 66 1 1121 1121 0 yes
50 91 58 1122 1122 0 yes
49 49 49 1122 1122 0 yes
50 58 58 1122 1122 0 yes
30 30 6 1123 1123 0 yes
12 4 6 1123 1123 0 yes
12 6 6 1123 1123 0 yes
51 121 103 1124 1124 0 yes
33 1 82 1124 1124 0 yes
14 55 4 1124 1124 0 yes
30 6 6 1124 1124 0 yes
51 103 103 1124 1124 0 yes
66 4 6 1125 1125 0 yes
16 29 41 1125 1125 0 yes
63 87 87 1125 1125 0 yes
24 12 67 1125 1125 0 yes
84 15 16 1125 1125 0 yes
23 6 58 1125 1125 0 yes
24 67 67 1125 1125 0 yes
54 46 33 1127 1127 0 yes
25 52 51 1127 1127 0 yes
50 58 4 1127 1127 0 yes
32 19 166 1128 1128 0 no
57 9 9 1128 1128 0 yes
8 90 90 1128 1128 0 yes
5 4 33 1128 1128 0 yes
100 18 16 1128 1128 0 yes
12 6 75 1128 1128 0 yes
37 15 15 1130 1130 0 yes
28 42 29 1130 1130 0 yes
17 56 56 1131 1131 0 yes
51 103 25 1131 1131 0 yes
44 70 162 1132 1132 0 no
76 48 4 1132 1132 0 yes
97 1 47 1132 1132 0 yes
49 49 32 1133 1133 0 yes
57 9 129 1133 1133 0 yes
8 90 19 1133 1133 0 yes
5 33 33 1133 1133 0 yes
37 15 62 1133 1133 0 yes
80 0 1 1134 1134 0 yes
20 71 71 1134 1134 0 yes
61 60 71 1135 1135 0 yes
35 4 4 1135 1135 0 yes
94 6 29 1135 1135 0 yes
87 4 4 1135 1135 0 yes
5 33 18 1135 1135 0 yes
94 29 29 1135 1135 0 yes
41 9 9 1136 1136 0 yes
53 17 16 1136 1136 0 yes
71 31 10 1136 1136 0 yes
76 4 4 1136 1136 0 yes
42 167 44 1136 1136 0 yes
22 47 48 1137 1137 0 yes
55 110 52 1138 1138 0 yes
41 9 19 1138 1138 0 yes
42 44 29 1138 1138 0 yes
26 16 163 1139 1139 0 no
96 1 10 1140 1140 0 yes
85 153 169 1140 1140 0 no
46 39 142 1140 1140 0 yes
30 6 24 1140 1140 0 yes
63 87 87 1140 1140 0 yes
35 4 26 1140 1140 0 yes
87 4 6 1140 1140 0 yes
94 29 4 1140 1140 0 yes
76 4 35 1140 1140 0 yes
45 4 6 1141 1141 0 yes
45 6 6 1141 1141 0 yes
4 17 161 1144 1144 0 no
13 15 15 1145 1145 0 yes
19 82 69 1145 1145 0 yes
18 89 168 1145 1145 0 no
24 67 6 1145 1145 0 yes
45 6 58 1146 1146 0 yes
23 58 58 1147 1147 0 yes
11 52 28 1148 1148 0 yes
58 2 73 1148 1148 0 yes
67 2 74 1148 1148 0 yes
40 10 11 1148 1148 0 yes
19 69 69 1148 1148 0 yes
1 167 39 1148 1148 0 yes
52 16 163 1149 1149 0 no
17 56 51 1149 1149 0 yes
6 33 1 1150 1150 0 yes
50 4 6 1150 1150 0 yes
28 29 168 1150 1150 0 no
1 39 116 1150 1150 0 yes
50 6 6 1150 1150 0 yes
78 0 160 1151 1151 0 no
8 19 73 1151 1151 0 yes
6 1 1 1151 1151 0 yes
8 73 9 1151 1151 0 yes
79 111 20 1152 1152 0 yes
23 58 4 1152 1152 0 yes
11 28 28 1152 1152 0 yes
29 28 162 1154 1154 0 no
66 6 6 1154 1154 0 yes
12 75 168 1154 1154 0 no
37 62 108 1154 1154 0 yes
63 87 87 1155 1155 0 yes
13 15 16 1155 1155 0 yes
50 6 91 1155 1155 0 yes
66 6 80 1155 1155 0 yes
37 108 108 1155 1155 0 yes
59 2 0 1156 1156 0 yes
57 129 36 1156 1156 0 yes
46 142 9 1156 1156 0 yes
57 36 36 1156 1156 0 yes
19 69 70 1157 1157 0 yes
11 28 140 1157 1157 0 yes
21 57 23 1158 1158 0 yes
94 4 4 1158 1158 0 yes
21 23 23 1159 1159 0 yes
47 31 160 1160 1160 0 no
73 5 5 1160 1160 0 yes
20 71 72 1160 1160 0 yes
87 6 168 1160 1160 0 no
76 35 2 1160 1160 0 yes
83 46 160 1161 1161 0 no
51 25 163 1161 1161 0 no
97 47 48 1162 1162 0 yes
35 26 89 1162 1162 0 yes
84 16 163 1163 1163 0 no
6 1 31 1163 1163 0 yes
79 20 165 1164 1164 0 no
57 36 9 1164 1164 0 yes
2 82 162 1165 1165 0 no
14 4 163 1165 1165 0 no
25 51 51 1165 1165 0 yes
24 6 29 1165 1165 0 yes
1 116 119 1165 1165 0 yes
66 80 29 1165 1165 0 yes
73 5 16 1165 1165 0 yes
24 29 29 1165 1165 0 yes
1 119 119 1165 1165 0 yes
70 1 168 1166 1166 0 no
65 9 4 1166 1166 0 yes
55 52 52 1166 1166 0 yes
30 24 24 1166 1166 0 yes
17 51 20 1166 1166 0 yes
76 2 2 1166 1166 0 yes
1 119 39 1166 1166 0 yes
17 20 20 1166 1166 0 yes
22 48 168 1167 1167 0 no
42 29 167 1167 1167 0 no
30 24 4 1167 1167 0 yes
17 20 21 1167 1167 0 yes
100 16 33 1168 1168 0 yes
80 1 75 1168 1168 0 yes
45 58 58 1168 1168 0 yes
46 9 57 1168 1168 0 yes
25 51 52 1168 1168 0 yes
16 41 41 1169 1169 0 yes
49 32 43 1169 1169 0 yes
37 108 15 1169 1169 0 yes
100 33 33 1169 1169 0 yes
63 87 168 1170 1170 0 no
94 4 4 1170 1170 0 yes
35 89 89 1170 1170 0 yes
24 29 41 1170 1170 0 yes
65 4 12 1170 1170 0 yes
59 0 0 1173 1173 0 yes
45 58 4 1173 1173 0 yes
21 23 9 1174 1174 0 yes
66 29 168 1175 1175 0 no
7 1 9 1177 1177 0 yes
5 18 18 1177 1177 0 yes
76 2 84 1178 1178 0 yes
59 0 139 1178 1178 0 yes
7 9 9 1178 1178 0 yes
58 73 73 1179 1179 0 yes
17 21 111 1179 1179 0 yes
16 41 29 1179 1179 0 yes
17 111 111 1179 1179 0 yes
33 82 28 1180 1180 0 yes
54 33 163 1180 1180 0 no
23 4 6 1180 1180 0 yes
65 12 67 1180 1180 0 yes
23 6 6 1180 1180 0 yes
65 67 6 1180 1180 0 yes
71 10 160 1181 1181 0 no
80 75 75 1181 1181 0 yes
58 73 100 1181 1181 0 yes
67 74 161 1182 1182 0 no
50 91 58 1182 1182 0 yes
50 58 58 1182 1182 0 yes
1 39 167 1183 1183 0 no
33 28 28 1183 1183 0 yes
23 6 80 1185 1185 0 yes
40 11 160 1187 1187 0 no
55 52 51 1187 1187 0 yes
50 58 4 1187 1187 0 yes
41 19 166 1188 1188 0 no
20 72 85 1188 1188 0 yes
57 9 163 1188 1188 0 no
5 18 16 1188 1188 0 yes
20 85 85 1188 1188 0 yes
11 140 165 1189 1189 0 no
61 71 162 1190 1190 0 no
37 15 161 1190 1190 0 no
33 28 59 1190 1190 0 yes
90 60 164 1191 1191 0 no
19 70 162 1192 1192 0 no
97 48 29 1192 1192 0 yes
53 16 163 1193 1193 0 no
13 16 1 1193 1193 0 yes
17 111 20 1193 1193 0 yes
20 85 71 1193 1193 0 yes
13 1 1 1193 1193 0 yes
59 139 160 1194 1194 0 no
96 10 10 1195 1195 0 yes
30 4 4 1195 1195 0 yes
100 33 18 1195 1195 0 yes
94 4 168 1195 1195 0 no
65 6 168 1195 1195 0 no
23 80 29 1195 1195 0 yes
8 9 4 1196 1196 0 yes
6 31 10 1196 1196 0 yes
35 89 16 1196 1196 0 yes
7 9 19 1196 1196 0 yes
76 84 161 1197 1197 0 no
97 29 29 1197 1197 0 yes
73 16 163 1198 1198 0 no
58 100 7 1199 1199 0 yes
49 43 165 1200 1200 0 no
30 4 15 1200 1200 0 yes
8 4 4 1200 1200 0 yes
97 29 30 1200 1200 0 yes
58 7 7 1200 1200 0 yes
45 4 87 1201 1201 0 yes
80 75 4 1201 1201 0 yes
23 29 29 1205 1205 0 yes
45 87 87 1205 1205 0 yes
58 7 4 1206 1206 0 yes
45 87 87 1206 1206 0 yes
25 52 71 1208 1208 0 yes
96 10 0 1208 1208 0 yes
50 4 4 1210 1210 0 yes
17 20 165 1210 1210 0 no
25 71 71 1212 1212 0 yes
24 41 41 1214 1214 0 yes
46 57 1 1218 1218 0 yes
46 1 1 1218 1218 0 yes
21 9 1 1220 1220 0 yes
20 71 162 1220 1220 0 no
25 71 72 1220 1220 0 yes
45 87 4 1221 1221 0 yes
21 1 1 1221 1221 0 yes
13 1 47 1222 1222 0 yes
35 16 33 1223 1223 0 yes
46 1 31 1223 1223 0 yes
35 33 33 1224 1224 0 yes
55 51 165 1225 1225 0 no
33 59 162 1225 1225 0 no
8 4 6 1225 1225 0 yes
97 30 4 1225 1225 0 yes
80 4 88 1225 1225 0 yes
58 4 6 1225 1225 0 yes
45 4 6 1225 1225 0 yes
8 6 6 1225 1225 0 yes
58 6 6 1225 1225 0 yes
45 6 55 1225 1225 0 yes
97 4 4 1226 1226 0 yes
16 29 6 1227 1227 0 yes
5 16 163 1228 1228 0 no
16 6 6 1228 1228 0 yes
23 29 41 1230 1230 0 yes
50 4 12 1230 1230 0 yes
80 88 88 1230 1230 0 yes
8 6 80 1230 1230 0 yes
58 6 75 1230 1230 0 yes
97 4 4 1230 1230 0 yes
16 6 24 1230 1230 0 yes
30 15 15 1235 1235 0 yes
24 41 29 1239 1239 0 yes
50 12 67 1240 1240 0 yes
8 80 29 1240 1240 0 yes
50 67 6 1240 1240 0 yes
7 19 164 1243 1243 0 no
21 1 82 1244 1244 0 yes
80 88 5 1245 1245 0 yes
30 15 16 1245 1245 0 yes
6 10 10 1246 1246 0 yes
25 72 85 1248 1248 0 yes
25 85 85 1248 1248 0 yes
100 18 161 1250 1250 0 no
8 29 9 1250 1250 0 yes
13 47 166 1252 1252 0 no
16 24 24 1252 1252 0 yes
58 75 75 1254 1254 0 yes
8 9 9 1254 1254 0 yes
35 33 18 1255 1255 0 yes
97 4 4 1255 1255 0 yes
50 6 29 1255 1255 0 yes
25 85 71 1255 1255 0 yes
50 29 29 1255 1255 0 yes
96 0 1 1256 1256 0 yes
46 31 155 1256 1256 0 yes
8 9 47 1256 1256 0 yes
55 165 20 1257 1257 0 yes
55 20 21 1257 1257 0 yes
16 24 4 1259 1259 0 yes
97 4 4 1260 1260 0 yes
50 29 30 1260 1260 0 yes
58 75 4 1261 1261 0 yes
45 55 55 1266 1266 0 yes
46 155 41 1267 1267 0 yes
6 10 11 1268 1268 0 yes
55 21 111 1269 1269 0 yes
45 55 25 1269 1269 0 yes
55 111 111 1269 1269 0 yes
55 111 20 1272 1272 0 yes
13 166 47 1273 1273 0 yes
13 47 9 1273 1273 0 yes
23 41 160 1274 1274 0 no
5 163 6 1278 1278 0 yes
46 41 41 1279 1279 0 yes
25 71 72 1282 1282 0 yes
30 16 25 1283 1283 0 yes
8 47 166 1283 1283 0 no
55 20 165 1284 1284 0 no
30 25 25 1284 1284 0 yes
80 5 161 1285 1285 0 no
16 4 4 1285 1285 0 yes
97 4 6 1285 1285 0 yes
50 30 6 1285 1285 0 yes
58 4 4 1285 1285 0 yes
30 25 26 1285 1285 0 yes
97 6 6 1285 1285 0 yes
50 6 6 1286 1286 0 yes
24 29 29 1287 1287 0 yes
96 1 163 1290 1290 0 no
5 6 24 1290 1290 0 yes
16 4 12 1290 1290 0 yes
58 4 4 1290 1290 0 yes
97 6 80 1290 1290 0 yes
50 6 75 1290 1290 0 yes
24 29 41 1290 1290 0 yes
46 41 29 1299 1299 0 yes
21 82 162 1300 1300 0 no
13 9 1 1300 1300 0 yes
16 12 67 1300 1300 0 yes
97 80 29 1300 1300 0 yes
16 67 6 1300 1300 0 yes
13 1 1 1301 1301 0 yes
45 168 1 1306 1306 0 yes
35 18 161 1310 1310 0 no
97 29 29 1310 1310 0 yes
25 72 85 1311 1311 0 yes
25 85 85 1311 1311 0 yes
6 11 160 1312 1312 0 no
30 26 113 1312 1312 0 yes
5 24 24 1312 1312 0 yes
13 1 47 1312 1312 0 yes
25 85 71 1312 1312 0 yes
30 113 113 1312 1312 0 yes
50 75 163 1314 1314 0 no
58 4 4 1315 1315 0 yes
16 6 6 1315 1315 0 yes
55 165 20 1317 1317 0 yes
55 20 21 1317 1317 0 yes
45 1 82 1318 1318 0 yes
30 113 16 1318 1318 0 yes
5 24 4 1319 1319 0 yes
97 29 30 1320 1320 0 yes
58 4 4 1320 1320 0 yes
55 21 111 1329 1329 0 yes
55 111 111 1329 1329 0 yes
55 111 20 1332 1332 0 yes
24 41 160 1334 1334 0 no
25 71 72 1339 1339 0 yes
13 47 166 1342 1342 0 no
30 16 25 1343 1343 0 yes
55 20 165 1344 1344 0 no
30 25 25 1344 1344 0 yes
5 4 4 1345 1345 0 yes
97 30 4 1345 1345 0 yes
58 4 6 1345 1345 0 yes
30 25 26 1345 1345 0 yes
58 6 6 1345 1345 0 yes
97 4 4 1346 1346 0 yes
46 29 29 1347 1347 0 yes
16 6 80 1350 1350 0 yes
5 4 12 1350 1350 0 yes
58 6 100 1350 1350 0 yes
97 4 4 1350 1350 0 yes
46 29 127 1350 1350 0 yes
16 80 29 1360 1360 0 yes
5 12 67 1360 1360 0 yes
5 67 6 1360 1360 0 yes
58 100 166 1366 1366 0 no
25 72 85 1368 1368 0 yes
30 26 113 1368 1368 0 yes
25 85 85 1368 1368 0 yes
30 113 16 1368 1368 0 yes
16 29 163 1370 1370 0 no
25 85 86 1372 1372 0 yes
45 82 7 1374 1374 0 yes
97 4 163 1375 1375 0 no
5 6 163 1375 1375 0 no
46 127 167 1377 1377 0 no
30 16 163 1393 1393 0 no
45 7 7 1395 1395 0 yes
45 7 4 1398 1398 0 yes
25 86 162 1404 1404 0 no
45 4 4 1419 1419 0 yes
45 4 6 1424 1424 0 yes
45 404 404 404 404 404 404
