vehID Teilumlaufnummer Standort Uhrzeit(Soll) Uhrzeit(Ist) Fahrtverspätung Gesamtverspätung
1 1 167 251 251 0 0
False
1 1 114 265 275 10 10
1 1 114 265 275 0 10
False
1 1 29 310 330 10 20
1 1 29 310 330 0 20
False
1 1 97 321 351 10 30
1 1 97 321 351 0 30
False
1 1 97 322 351 0 29
1 1 97 322 351 0 29
False
1 1 39 340 369 0 29
1 1 39 340 369 0 29
False
1 1 39 355 369 0 14
1 1 39 355 369 0 14
False
1 1 40 378 392 0 14
1 1 40 378 392 0 14
False
1 1 102 378 392 0 14
1 1 102 378 392 0 14
False
1 1 102 380 392 0 12
1 1 102 380 392 0 12
False
1 1 39 405 422 5 17
1 1 39 405 422 0 17
False
1 1 40 430 447 0 17
1 1 40 430 447 0 17
False
1 1 102 430 452 5 22
1 1 102 430 452 0 22
False
1 1 102 453 453 0 0
1 1 102 453 453 0 0
False
1 1 39 478 488 10 10
1 1 39 478 488 0 10
False
1 1 39 490 490 0 0
1 1 39 490 490 0 0
False
1 1 142 506 506 0 0
1 1 142 506 506 0 0
False
1 1 97 507 512 5 5
1 1 97 507 512 0 5
False
1 1 97 520 520 0 0
1 1 97 520 520 0 0
False
1 1 39 538 538 0 0
1 1 39 538 538 0 0
True
1 2 167 683 683 0 0
False
1 2 39 685 695 10 10
1 2 39 685 695 0 10
False
1 2 142 701 716 5 15
1 2 142 701 716 0 15
True
1 3 167 778 778 0 0
False
1 3 39 780 785 5 5
1 3 39 780 785 0 5
False
1 3 40 805 820 10 15
1 3 40 805 820 0 15
False
1 3 102 805 825 5 20
1 3 102 805 825 0 20
False
1 3 102 813 825 0 12
1 3 102 813 825 0 12
False
1 3 39 838 855 5 17
1 3 39 838 855 0 17
False
1 3 39 840 855 0 15
1 3 39 840 855 0 15
False
1 3 40 865 885 5 20
1 3 40 865 885 0 20
False
1 3 102 865 895 10 30
1 3 102 865 895 0 30
False
1 3 102 873 895 0 22
1 3 102 873 895 0 22
False
1 3 39 898 930 10 32
1 3 39 898 930 0 32
True
1 4 167 1043 1043 0 0
False
1 4 39 1045 1045 0 0
1 4 39 1045 1045 0 0
False
1 4 116 1061 1061 0 0
1 4 116 1061 1061 0 0
False
1 4 119 1061 1066 5 5
1 4 119 1061 1066 0 5
False
1 4 39 1078 1083 0 5
1 4 39 1078 1083 0 5
True
1 5 167 1148 1148 0 0
False
1 5 39 1150 1150 0 0
1 5 39 1150 1150 0 0
False
1 5 116 1165 1165 0 0
1 5 116 1165 1165 0 0
False
1 5 119 1165 1170 5 5
1 5 119 1165 1170 0 5
False
1 5 119 1166 1170 0 4
1 5 119 1166 1170 0 4
False
1 5 39 1183 1187 0 4
1 5 39 1183 1187 0 4
True
